height,operation,latency,throughput
1,LOAD,20509,4875908.137890683
2,LOAD,19034,5253756.4358516345
3,LOAD,17306684,5778.114397882345
4,LOAD,18680955,5353.045387668885
5,LOAD,10455862,9564.012990990126
6,LOAD,16365934,6110.253163675229
7,LOAD,11661271,8575.394568911055
8,LOAD,18186910,5498.460156233246
9,LOAD,13182849,7585.613701560262
10,LOAD,16112898,6206.208219030494
11,LOAD,17617714,5676.10531082523
12,LOAD,9645107,10367.95133532474
13,LOAD,13783794,7254.896583625669
14,LOAD,11239740,8897.002955584381
15,LOAD,17184776,5819.104072115924
16,LOAD,18434480,5424.617347492308
17,LOAD,12294293,8133.855277403914
18,LOAD,17253749,5795.841819653224
19,LOAD,18200716,5494.289345540033
20,LOAD,18166829,5504.537968624024
21,LOAD,17356384,5761.568769162977
22,LOAD,17930713,5577.023066511633
23,LOAD,13037636,7670.102156556603
24,LOAD,12060319,8291.654640312583
25,LOAD,12125307,8247.213864358238
26,LOAD,17119280,5841.3671603011335
27,LOAD,12628565,7918.556067138269
28,LOAD,19298294,5181.805189619352
29,LOAD,13388612,7469.034131394651
30,LOAD,18244967,5480.963599440875
31,LOAD,12158373,8224.784681305633
32,LOAD,20447929,4890.470814917247
33,LOAD,16573961,6033.560716113668
34,LOAD,17042010,5867.852442288204
35,LOAD,13483337,7416.561641973348
36,LOAD,20542565,4867.941272182904
37,LOAD,16155487,6189.847449352656
38,LOAD,21489258,4653.487803068863
39,LOAD,16938679,5903.648094399805
40,LOAD,20683538,4834.762795417302
41,LOAD,14937634,6694.500615023771
42,LOAD,19559821,5112.521223992797
43,LOAD,14301761,6992.1459322386945
44,LOAD,21092804,4740.953360207585
45,LOAD,13774583,7259.747899446394
46,LOAD,19217453,5203.603203816863
47,LOAD,14192943,7045.755062921059
48,LOAD,13873409,7208.033728408065
49,LOAD,11770103,8496.102370556995
50,LOAD,14386086,6951.161003764331
51,LOAD,12102749,8262.58563240467
52,LOAD,14246896,7019.072786100214
53,LOAD,14667942,6817.588997829416
54,LOAD,19780540,5055.473713053334
55,LOAD,15287508,6541.288482073076
56,LOAD,20948157,4773.689637708941
57,LOAD,16993160,5884.720675848401
58,LOAD,15133546,6607.836656392361
59,LOAD,13249045,7547.713816354311
60,LOAD,14956515,6686.049524237431
61,LOAD,15052543,6643.395737185404
62,LOAD,22069477,4531.14498363509
63,LOAD,16501682,6059.988309070553
64,LOAD,20554642,4865.081084846916
65,LOAD,15074145,6633.875420463316
66,LOAD,21105378,4738.128831428652
67,LOAD,14016539,7134.428834393427
68,LOAD,21995234,4546.439469568726
69,LOAD,18209396,5491.67034425524
70,LOAD,18645107,5363.337416084552
71,LOAD,17899115,5586.86840103547
72,LOAD,20496777,4878.815825531985
73,LOAD,12866025,7772.408339016906
74,LOAD,16293127,6137.557265710873
75,LOAD,13175053,7590.102294085648
76,LOAD,22227878,4498.854996414862
77,LOAD,19267484,5190.091243880104
78,LOAD,18236850,5483.403109637903
79,LOAD,16572755,6033.999778552208
80,LOAD,17289418,5783.884685996949
81,LOAD,17270384,5790.259209059856
82,LOAD,18498285,5405.906547552921
83,LOAD,17118280,5841.708395936975
84,LOAD,21115860,4735.776804733504
85,LOAD,13776000,7259.001161440186
86,LOAD,16850114,5934.677949359868
87,LOAD,15036230,6650.603242967153
88,LOAD,22664284,4412.228508961501
89,LOAD,15923353,6280.0843515809765
90,LOAD,16103112,6209.979785273803
91,LOAD,15987934,6254.716838335709
92,LOAD,21171429,4723.34673299568
93,LOAD,13386600,7470.156723888067
94,LOAD,16244355,6155.9846482054845
95,LOAD,12843172,7786.238477534989
96,LOAD,22884725,4369.726968534688
97,LOAD,18738226,5336.684486567726
98,LOAD,18365028,5445.131910498584
99,LOAD,16224046,6163.690610837765
100,LOAD,16890988,5920.316798520015
101,LOAD,16880085,5924.140784836096
102,LOAD,19140854,5224.427290443781
103,LOAD,15819995,6321.114513626585
104,LOAD,23040401,4340.202238667634
105,LOAD,15829603,6317.277824339625
106,LOAD,15797338,6330.180439261349
107,LOAD,16293133,6137.555005535154
108,LOAD,22269149,4490.517352055078
109,LOAD,14498292,6897.364186071021
110,LOAD,23509267,4253.641766032093
111,LOAD,19189506,5211.181569760055
112,LOAD,18673235,5355.258475566767
113,LOAD,16884365,5922.6390805932
114,LOAD,20032369,4991.920825739582
115,LOAD,13984982,7150.527615981201
116,LOAD,17067689,5859.024030728471
117,LOAD,15133129,6608.018738226576
118,LOAD,24472475,4086.2233999626114
119,LOAD,17348752,5764.103377580128
120,LOAD,24176707,4136.212595040342
121,LOAD,16940345,5903.067499510783
122,LOAD,23955820,4174.350951042377
123,LOAD,20635354,4846.052071604878
124,LOAD,18755091,5331.885619749859
125,LOAD,16916114,5911.523178432115
126,LOAD,24133540,4143.61092487882
127,LOAD,21306463,4693.411571878448
128,LOAD,23985198,4169.238044230446
129,LOAD,19831163,5042.568607801772
130,LOAD,19542419,5117.073787027081
131,LOAD,16063974,6225.109677094846
132,LOAD,21909956,4564.135135643358
133,LOAD,20703388,4830.12732022411
134,LOAD,22135174,4517.696585533956
135,LOAD,17192073,5816.6342127560765
136,LOAD,16793104,5954.825266371244
137,LOAD,17296551,5781.499444600256
138,LOAD,16953031,5898.650217769317
139,LOAD,17001901,5881.69522925701
140,LOAD,16925347,5908.298364577104
141,LOAD,16617647,6017.699136345838
142,LOAD,22547531,4435.07539694701
143,LOAD,17904294,5585.252342259349
144,LOAD,24561977,4071.333508699239
145,LOAD,17800267,5617.893259690992
146,LOAD,19191856,5210.5434721894535
147,LOAD,20254571,4937.157148379
148,LOAD,22337994,4476.677717793281
149,LOAD,16066349,6224.189453372387
150,LOAD,16019792,6242.278301740746
151,LOAD,14816143,6749.39489987374
152,LOAD,17990089,5558.616191392939
153,LOAD,14946908,6690.346926601809
154,LOAD,18369991,5443.660805277477
155,LOAD,16028590,6238.851951419308
156,LOAD,19757543,5061.358084859034
157,LOAD,15635837,6395.56424130029
158,LOAD,24435638,4092.3834278442005
159,LOAD,20419107,4897.373817571944
160,LOAD,20187198,4953.634476661892
161,LOAD,19353194,5167.105750089624
162,LOAD,24543363,4074.4212600367764
163,LOAD,18051498,5539.706455386694
164,LOAD,20639805,4845.0070143589055
165,LOAD,19238168,5198.0001422172845
166,LOAD,27762576,3601.9712291827673
167,LOAD,25430301,3932.3168058451215
168,LOAD,19823461,5044.527794616692
169,LOAD,19428760,5147.008867266876
170,LOAD,21429494,4666.465759760823
171,LOAD,18113962,5520.603388700937
172,LOAD,23005348,4346.815357889826
173,LOAD,20055875,4986.070166472417
174,LOAD,14467876,6911.864602654875
175,LOAD,18309901,5461.5259798510115
176,LOAD,15108405,6618.832365163629
177,LOAD,18479229,5411.481182467082
178,LOAD,15155788,6598.139271940198
179,LOAD,18672612,5355.437150410452
180,LOAD,17262271,5792.980541204573
181,LOAD,20421483,4896.804017612237
182,LOAD,15492308,6454.816157799083
183,LOAD,24443860,4091.0069031650482
184,LOAD,20828839,4801.035717833337
185,LOAD,23570963,4242.508038386043
186,LOAD,18444955,5421.536674933607
187,LOAD,26357538,3793.981061508856
188,LOAD,21950279,4555.750749227379
189,LOAD,20798578,4808.021009897888
190,LOAD,17327390,5771.209628224447
191,LOAD,18018515,5549.846921347292
192,LOAD,18223284,5487.485131659036
193,LOAD,27018145,3701.2163492349305
194,LOAD,22881620,4370.319933641063
195,LOAD,24194282,4133.208003444781
196,LOAD,18889296,5294.003545711815
197,LOAD,25292374,3953.760924142589
198,LOAD,21066938,4746.774305786631
199,LOAD,20297117,4926.808078211305
200,LOAD,19114864,5231.530812879443
201,LOAD,27445372,3643.6015514746896
202,LOAD,21284822,4698.183522511958
203,LOAD,25917283,3858.4291416658143
204,LOAD,21638411,4621.411433584472
205,LOAD,23867733,4189.756940887515
206,LOAD,18857096,5303.04348028986
207,LOAD,19320172,5175.93735707943
208,LOAD,15938450,6274.135816218014
209,LOAD,18739334,5336.368944595362
210,LOAD,15939816,6273.598139401359
211,LOAD,26491508,3774.7945492570675
212,LOAD,20465299,4886.320009299644
213,LOAD,23073768,4333.925867677963
214,LOAD,21293089,4696.359461983181
215,LOAD,25252364,3960.0252871374737
216,LOAD,17235606,5801.942792147836
217,LOAD,18598314,5376.831469777314
218,LOAD,15984928,6255.893051254282
219,LOAD,18421173,5428.535956966476
220,LOAD,14395922,6946.411629626778
221,LOAD,18526433,5397.693123117656
222,LOAD,15434512,6478.986831588845
223,LOAD,20231136,4942.876168693641
224,LOAD,14843609,6736.9060987796165
225,LOAD,18620667,5370.376904328937
226,LOAD,15115135,6615.885336121708
227,LOAD,19413196,5151.135341135999
228,LOAD,15708430,6366.008569920737
229,LOAD,18666914,5357.071875940501
230,LOAD,16243647,6156.2529646205685
231,LOAD,24787552,4034.2830143129904
232,LOAD,22305900,4483.118816097983
233,LOAD,21300782,4694.66332268928
234,LOAD,20956486,4771.792370152134
235,LOAD,23625796,4232.661621221143
236,LOAD,20139282,4965.420316374734
237,LOAD,20774793,4813.525699148964
238,LOAD,15978135,6258.55270342878
239,LOAD,19463117,5137.923180547083
240,LOAD,16072734,6221.716852901317
241,LOAD,18812934,5315.491990776133
242,LOAD,17031068,5871.622378584831
243,LOAD,26320630,3799.301156545265
244,LOAD,21517169,4647.45153044994
245,LOAD,23390413,4275.25584947987
246,LOAD,16514660,6055.226083976298
247,LOAD,29203415,3424.257060347223
248,LOAD,24001394,4166.424666833935
249,LOAD,26396962,3788.314731066401
250,LOAD,21252053,4705.427753262238
251,LOAD,22009891,4543.411868782086
252,LOAD,16874920,5925.954019337573
253,LOAD,19157962,5219.761893253573
254,LOAD,20552044,4865.696083562297
255,LOAD,27334403,3658.393417262488
256,LOAD,22050010,4535.145335534995
257,LOAD,26145934,3824.686469414327
258,LOAD,20306103,4924.627832331984
259,LOAD,27024431,3700.355430240141
260,LOAD,23350716,4282.523927745941
261,LOAD,20670193,4837.884193921169
262,LOAD,20928930,4778.075133320242
263,LOAD,21914352,4563.219574094639
264,LOAD,20182235,4954.852621624909
265,LOAD,17702890,5648.795196716469
266,LOAD,20405452,4900.651061294795
267,LOAD,21349821,4683.880019415619
268,LOAD,16896140,5918.511565363449
269,LOAD,25703314,3890.548899647726
270,LOAD,21392575,4674.519079633938
271,LOAD,20699985,4830.921375063798
272,LOAD,20459327,4887.74630758871
273,LOAD,18633463,5366.688950948087
274,LOAD,21886591,4569.007571805038
275,LOAD,22767993,4392.1306546431215
276,LOAD,20073117,4981.787332779458
277,LOAD,19597693,5102.641418048543
278,LOAD,16034959,6236.373912773958
279,LOAD,17660580,5662.328190806871
280,LOAD,16412126,6093.0558295738165
281,LOAD,20924824,4779.012717144001
282,LOAD,15360657,6510.13820567701
283,LOAD,25882475,3863.6181431644386
284,LOAD,21844779,4577.752880905776
285,LOAD,25910796,3859.3951339819896
286,LOAD,26633544,3754.6636677417023
287,LOAD,25934332,3855.8926445454617
288,LOAD,19861928,5034.7579550182645
289,LOAD,20831710,4800.374045145598
290,LOAD,18979167,5268.935143465464
291,LOAD,27154097,3682.6855262393738
292,LOAD,21902448,4565.699687998346
293,LOAD,21296262,4695.659735966809
294,LOAD,21464283,4658.902419428592
295,LOAD,20924464,4779.094938823761
296,LOAD,19190369,5210.947220452093
297,LOAD,21309288,4692.789360207625
298,LOAD,20988792,4764.447615660777
299,LOAD,24962806,4005.9599069111064
300,LOAD,18419535,5429.0187021550755
301,LOAD,24948315,4008.2867319897155
302,LOAD,19436244,5145.026991840605
303,LOAD,17288490,5784.195149489631
304,LOAD,17555233,5696.307192277084
305,LOAD,22991102,4349.5087795269665
306,LOAD,20608069,4852.468224946258
307,LOAD,22434239,4457.472348404597
308,LOAD,19949817,5012.577308353255
309,LOAD,24080305,4152.771320795147
310,LOAD,16272352,6145.3931183396235
311,LOAD,25906841,3859.984318427708
312,LOAD,20986820,4764.895300955553
313,LOAD,23616360,4234.3527961125255
314,LOAD,21013680,4758.804740530931
315,LOAD,25387105,3939.0076182376843
316,LOAD,17469125,5724.385165255844
317,LOAD,26303607,3801.75996394715
318,LOAD,21111186,4736.825301998666
319,LOAD,23720258,4215.8057471381635
320,LOAD,17488135,5718.16262854787
321,LOAD,26550435,3766.4166330984785
322,LOAD,20883918,4788.373522631146
323,LOAD,23821847,4197.827313725926
324,LOAD,19076889,5241.94484750632
325,LOAD,26717392,3742.880293106453
326,LOAD,21447843,4662.473517733229
327,LOAD,19957407,5010.670975442852
328,LOAD,20480964,4882.582675307666
329,LOAD,26100062,3831.4085230908645
330,LOAD,20859040,4794.084483274398
331,LOAD,25263523,3958.276127996875
332,LOAD,19062889,5245.794590735958
333,LOAD,26438079,3782.423072417629
334,LOAD,22258841,4492.596896666812
335,LOAD,24300468,4115.147082764002
336,LOAD,20904344,4783.6947191454565
337,LOAD,22181975,4508.164850064072
338,LOAD,16394999,6099.420927076605
339,LOAD,18087894,5528.559599033475
340,LOAD,16562003,6037.917032136753
341,LOAD,18483639,5410.190060517845
342,LOAD,16967095,5893.760835310935
343,LOAD,26651537,3752.128817186041
344,LOAD,21110606,4736.955443154971
345,LOAD,21328224,4688.6229251905825
346,LOAD,17068528,5858.736031601554
347,LOAD,17489153,5717.8297885552265
348,LOAD,14575816,6860.67936093595
349,LOAD,25583801,3908.723336301748
350,LOAD,21251250,4705.605552614552
351,LOAD,19727636,5069.03107904059
352,LOAD,18489647,5408.43208093697
353,LOAD,19239089,5197.7513072474485
354,LOAD,21726334,4602.7093204035245
355,LOAD,20795560,4808.718784202012
356,LOAD,16366468,6110.053800245722
357,LOAD,17855160,5600.621893055005
358,LOAD,10527804,9498.657079862049
359,LOAD,16930353,5906.551387321931
360,LOAD,14843992,6736.732275253179
361,LOAD,15411440,6488.686326521078
362,LOAD,22621758,4420.522931948967
363,LOAD,25980675,3849.0147003493944
364,LOAD,22677444,4409.6680384262
365,LOAD,20318891,4921.528443653741
366,LOAD,16002602,6248.98375901619
367,LOAD,26053544,3838.249414359904
368,LOAD,23477396,4259.416163530232
369,LOAD,23927236,4179.337722083738
370,LOAD,17471150,5723.72167830967
371,LOAD,27346827,3656.731364117673
372,LOAD,20852569,4795.572190649507
373,LOAD,22357237,4472.824616029252
374,LOAD,21375271,4678.303259874459
375,LOAD,24805110,4031.4273954036084
376,LOAD,18766157,5328.741521239538
377,LOAD,17999163,5555.813900901947
378,LOAD,18742677,5335.41713384913
379,LOAD,27616317,3621.0476581652792
380,LOAD,21144335,4729.399151120147
381,LOAD,26372640,3791.80848030383
382,LOAD,21459627,4659.9132408033
383,LOAD,22779809,4389.852434671424
384,LOAD,21746221,4598.500125608031
385,LOAD,26038742,3840.4313080870033
386,LOAD,20952696,4772.655509343523
387,LOAD,26551254,3766.300454208302
388,LOAD,24020939,4163.034592444534
389,LOAD,22719344,4401.535537293682
390,LOAD,26507860,3772.465978015577
391,LOAD,26955419,3709.8291812863304
392,LOAD,25620982,3903.0510227906175
393,LOAD,26047727,3839.106575402913
394,LOAD,20811213,4805.101941919484
395,LOAD,26942507,3711.607089867324
396,LOAD,21986512,4548.243031909746
397,LOAD,25609377,3904.8197072502
398,LOAD,17530552,5704.326937337741
399,LOAD,26905080,3716.770215884881
400,LOAD,21478398,4655.840719591843
401,LOAD,24752727,4039.958910385915
402,LOAD,18491528,5407.881923008201
403,LOAD,26708782,3744.086870004031
404,LOAD,20006092,4998.477463764538
405,LOAD,22753957,4394.839983216985
406,LOAD,21374204,4678.536800715479
407,LOAD,27587910,3624.776215378403
408,LOAD,23101244,4328.771212494011
409,LOAD,23846505,4193.486634624235
410,LOAD,19561421,5112.103052227137
411,LOAD,27418061,3647.2309256296426
412,LOAD,23916097,4181.284262227236
413,LOAD,28302888,3533.208342555007
414,LOAD,22373407,4469.591957988338
415,LOAD,21400850,4672.711597903821
416,LOAD,16394355,6099.660523393571
417,LOAD,26032719,3841.319840620567
418,LOAD,21990696,4547.377672812175
419,LOAD,21940835,4557.7116823493725
420,LOAD,20862389,4793.314897924682
421,LOAD,20551944,4865.71975867587
422,LOAD,22737104,4398.09748858078
423,LOAD,24763508,4038.2000805378625
424,LOAD,22269278,4490.491339683307
425,LOAD,26456406,3779.8028953743756
426,LOAD,20667689,4838.470329217746
427,LOAD,20167276,4958.527864645676
428,LOAD,18761803,5329.978147622593
429,LOAD,26071932,3835.5423756091413
430,LOAD,20787754,4810.524503994035
431,LOAD,20059163,4985.252874210155
432,LOAD,21828756,4581.113096870935
433,LOAD,20906172,4783.276441043344
434,LOAD,26665030,3750.230170376707
435,LOAD,25104497,3983.3500746898058
436,LOAD,23003224,4347.216720577951
437,LOAD,17846205,5603.432214299903
438,LOAD,17868130,5596.556550685495
439,LOAD,27105391,3689.3029877340637
440,LOAD,20298391,4926.498854022469
441,LOAD,23842919,4194.117339407981
442,LOAD,20210429,4947.940491515545
443,LOAD,20404765,4900.816059386129
444,LOAD,18222818,5487.625459465161
445,LOAD,19635828,5092.731510991031
446,LOAD,16519776,6053.350844466656
447,LOAD,18107361,5522.615912942808
448,LOAD,14646850,6827.406575475273
449,LOAD,26866196,3722.1495741339786
450,LOAD,21004873,4760.800029593133
451,LOAD,24633962,4059.4363180392984
452,LOAD,19553237,5114.242721038977
453,LOAD,26825704,3727.767964635709
454,LOAD,24660958,4054.992510834332
455,LOAD,24178986,4135.822734667203
456,LOAD,19632020,5093.719342176709
457,LOAD,21585652,4632.706948115349
458,LOAD,18966957,5272.327026417574
459,LOAD,28228146,3542.563510901495
460,LOAD,20773962,4813.718249797511
461,LOAD,29151590,3430.3446227118316
462,LOAD,24322647,4111.394619179401
463,LOAD,27199144,3676.5862925686192
464,LOAD,24797750,4032.623927574074
465,LOAD,23579573,4240.9589011641565
466,LOAD,19246509,5195.747446978567
467,LOAD,27713035,3608.410266143712
468,LOAD,22335236,4477.230506989046
469,LOAD,29996875,3333.680591728305
470,LOAD,22754107,4394.811011480258
471,LOAD,24396425,4098.961220752631
472,LOAD,18179971,5500.55882927426
473,LOAD,17746131,5635.031094946837
474,LOAD,15661355,6385.143558778917
475,LOAD,17716311,5644.515949172488
476,LOAD,14999559,6666.862672429236
477,LOAD,25192525,3969.4314087214357
478,LOAD,21399725,4672.957245945918
479,LOAD,23741170,4212.0923273789795
480,LOAD,24976993,4003.684510781582
481,LOAD,23574846,4241.809257205752
482,LOAD,23082226,4332.337790991216
483,LOAD,24596664,4065.5919843438933
484,LOAD,19017739,5258.248627768002
485,LOAD,18298083,5465.053361054271
486,LOAD,16813644,5947.5506915692995
487,LOAD,19304716,5180.081385294661
488,LOAD,18783116,5323.9302786609
489,LOAD,22404457,4463.397617715083
490,LOAD,15681336,6377.007673325793
491,LOAD,20646994,4843.320049397989
492,LOAD,16327360,6124.688865805617
493,LOAD,25799503,3876.0436586704786
494,LOAD,22136471,4517.431888759505
495,LOAD,27314766,3661.023491835881
496,LOAD,22338462,4476.583929547164
497,LOAD,22168332,4510.939298455111
498,LOAD,19865817,5033.772333652323
499,LOAD,22863191,4373.842653897262
500,LOAD,17985360,5560.077752127286
501,LOAD,26087117,3833.3097520895085
502,LOAD,23085187,4331.782107721284
503,LOAD,22704387,4404.4351428646805
504,LOAD,22814154,4383.243840643839
505,LOAD,23583160,4240.313851070001
506,LOAD,22947665,4357.741844322723
507,LOAD,22295579,4485.194127499447
508,LOAD,21657075,4617.428715558311
509,LOAD,23288625,4293.941784884251
510,LOAD,22165601,4511.495086463029
511,LOAD,23155485,4318.631201203516
512,LOAD,20894539,4785.939522283789
513,LOAD,22972432,4353.043682967481
514,LOAD,21794253,4588.365565913179
515,LOAD,21440301,4664.1136241510785
516,LOAD,19254881,5193.4883419949465
517,LOAD,27099375,3690.1220046587787
518,LOAD,22551151,4434.363461093405
519,LOAD,23654227,4227.574209040947
520,LOAD,18516208,5400.67383127258
521,LOAD,20060868,4984.829170901279
522,LOAD,15918132,6282.144161136495
523,LOAD,26437452,3782.5127777064145
524,LOAD,23221749,4306.30784959393
525,LOAD,27331067,3658.839956742267
526,LOAD,24555418,4072.4210029737633
527,LOAD,23090936,4330.703614613111
528,LOAD,19778328,5056.0391151365275
529,LOAD,21642049,4620.634580394861
530,LOAD,18918511,5285.828255722662
531,LOAD,29055466,3441.6932084310747
532,LOAD,24821106,4028.8293358080014
533,LOAD,14513237,6890.2616280572
534,LOAD,23512722,4253.0167285608195
535,LOAD,20477253,4883.467523695684
536,LOAD,28298277,3533.7840533542026
537,LOAD,21948754,4556.067282908178
538,LOAD,26662297,3750.6145850824482
539,LOAD,24956318,4007.0013533246374
540,LOAD,24765093,4037.941630180836
541,LOAD,18490099,5408.2998690272025
542,LOAD,19986817,5003.29792382649
543,LOAD,16053272,6229.2596798957875
544,LOAD,20608617,4852.339193843041
545,LOAD,20385241,4905.509824485273
546,LOAD,29285697,3414.636161809637
547,LOAD,23198732,4310.580423102435
548,LOAD,28273038,3536.9386197549766
549,LOAD,24313197,4112.992627008287
550,LOAD,29672397,3370.1355505589927
551,LOAD,27506953,3635.444463805206
552,LOAD,27949807,3577.8422369785953
553,LOAD,26031717,3841.467698807574
554,LOAD,25852286,3868.1298822084827
555,LOAD,22721722,4401.074883320904
556,LOAD,29067031,3440.3238500691727
557,LOAD,22639985,4416.964057175833
558,LOAD,27463765,3641.1613629813683
559,LOAD,24286030,4117.593530107638
560,LOAD,23042744,4339.7609243065845
561,LOAD,18421197,5428.528884415057
562,LOAD,19768832,5058.467794151925
563,LOAD,16783070,5958.385444379365
564,LOAD,18721280,5341.515110077944
565,LOAD,18012087,5551.82750338703
566,LOAD,17651294,5665.307030748
567,LOAD,18891378,5293.4200988408575
568,LOAD,21905989,4564.961664136688
569,LOAD,17970353,5564.720960128051
570,LOAD,19025099,5256.214435467589
571,LOAD,16352924,6115.1143367387995
572,LOAD,25806145,3875.0460403907673
573,LOAD,22157843,4513.074670670787
574,LOAD,29171874,3427.959410492449
575,LOAD,25143973,3977.096221030781
576,LOAD,18838812,5308.190346609967
577,LOAD,24994248,4000.9205317959554
578,LOAD,30775089,3249.381342162812
579,LOAD,27983824,3573.493029401557
580,LOAD,23288663,4293.934778479984
581,LOAD,20642124,4844.462711298508
582,LOAD,19842922,5039.580360190904
583,LOAD,27985609,3573.265102074427
584,LOAD,27823362,3594.101963666361
585,LOAD,24822550,4028.5949670763075
586,LOAD,25744957,3884.255856399372
587,LOAD,25974165,3849.9793929852995
588,LOAD,21821904,4582.5515500388965
589,LOAD,23540403,4248.015635076426
590,LOAD,19467885,5136.664820035664
591,LOAD,28592583,3497.410499778911
592,LOAD,27284327,3665.107810795553
593,LOAD,29398939,3401.4832984278787
594,LOAD,26612813,3757.588496939425
595,LOAD,24504120,4080.9463877911144
596,LOAD,23557704,4244.895852329242
597,LOAD,29971641,3336.4873147920066
598,LOAD,25091026,3985.4886763100085
599,LOAD,25277673,3956.06035413149
600,LOAD,18666280,5357.253828829312
601,LOAD,21057442,4748.914896690681
602,LOAD,18352288,5448.911874094391
603,LOAD,27792639,3598.075015474421
604,LOAD,25259431,3958.9173643697673
605,LOAD,26866107,3722.161904588558
606,LOAD,21350650,4683.698154388742
607,LOAD,22860328,4374.390428693762
608,LOAD,17412224,5743.091749796005
609,LOAD,27560481,3628.3836991088797
610,LOAD,23429880,4268.054296479539
611,LOAD,26615132,3757.261094929005
612,LOAD,23252884,4300.541816662398
613,LOAD,26421177,3784.842741865739
614,LOAD,21286888,4697.727540070677
615,LOAD,27997549,3571.7412263480637
616,LOAD,22740395,4397.460993971301
617,LOAD,26492125,3774.7066345187486
618,LOAD,23986282,4169.049625948698
619,LOAD,21739998,4599.816430525891
620,LOAD,20796055,4808.604324233611
621,LOAD,26935030,3712.637409351317
622,LOAD,22976182,4352.333211845206
623,LOAD,28073909,3562.026221571068
624,LOAD,25806675,3874.966457321604
625,LOAD,24968664,4005.020052334398
626,LOAD,21303516,4694.060830146535
627,LOAD,22783904,4389.063437065044
628,LOAD,20278427,4931.348965084915
629,LOAD,27925500,3580.9564734740648
630,LOAD,25735135,3885.7383106791553
631,LOAD,28069981,3562.524677163123
632,LOAD,22217567,4500.942880019221
633,LOAD,22691702,4406.8972878279465
634,LOAD,19675309,5082.512300060955
635,LOAD,24076158,4153.486615264777
636,LOAD,21628710,4623.484248482688
637,LOAD,23477529,4259.3920339742735
638,LOAD,20108591,4972.998854071874
639,LOAD,23549874,4246.307220157526
640,LOAD,23175601,4314.8827078961185
641,LOAD,28732558,3480.3723358010798
642,LOAD,22527436,4439.031587971219
643,LOAD,24642629,4058.0085834185957
644,LOAD,24242991,4124.903564910782
645,LOAD,23516738,4252.290432457087
646,LOAD,24957996,4006.73195075438
647,LOAD,26676057,3748.679949214383
648,LOAD,21607919,4627.932935142899
649,LOAD,22676165,4409.916756206352
650,LOAD,25373608,3941.102897152033
651,LOAD,21894564,4567.343747973242
652,LOAD,23175722,4314.86017997627
653,LOAD,22887877,4369.1251923452755
654,LOAD,23197382,4310.831282599044
655,LOAD,23961940,4173.28480081329
656,LOAD,20954738,4772.19042299646
657,LOAD,28733877,3480.21257277603
658,LOAD,24213873,4129.863900748138
659,LOAD,25699718,3891.093279700579
660,LOAD,27690857,3611.3002930895204
661,LOAD,29579026,3380.773930825173
662,LOAD,24561989,4071.331519609426
663,LOAD,25090675,3985.5444303511163
664,LOAD,21490706,4653.174260538486
665,LOAD,23841796,4194.31489137815
666,LOAD,21184993,4720.322541527391
667,LOAD,24614075,4062.716149195125
668,LOAD,24720972,4045.148386560205
669,LOAD,29965096,3337.216072993726
670,LOAD,26978739,3706.622462969822
671,LOAD,25158978,3974.724251517689
672,LOAD,19631337,5093.896559363226
673,LOAD,21231134,4710.064003175714
674,LOAD,21367352,4680.037095846036
675,LOAD,23224828,4305.736946684815
676,LOAD,22190614,4506.40978208174
677,LOAD,23494318,4256.34827961382
678,LOAD,24980350,4003.1464731278784
679,LOAD,29147305,3430.848924111509
680,LOAD,28100836,3558.6129893075067
681,LOAD,30115035,3320.600490751546
682,LOAD,27879687,3586.8408422232287
683,LOAD,27660115,3615.3139638067305
684,LOAD,30041546,3328.723495122388
685,LOAD,28276080,3536.558108478969
686,LOAD,26092175,3832.5666603109935
687,LOAD,27043842,3697.699461489237
688,LOAD,22565936,4431.458105704102
689,LOAD,22355664,4473.139335069627
690,LOAD,25455717,3928.3906243929405
691,LOAD,27510932,3634.9186570633083
692,LOAD,27271879,3666.7807157695297
693,LOAD,26389435,3789.3952636727536
694,LOAD,26219958,3813.888641621775
695,LOAD,24684217,4051.171645428332
696,LOAD,23176893,4314.642173996316
697,LOAD,22195124,4505.494089602743
698,LOAD,19111411,5232.476032251098
699,LOAD,24394200,4099.335087848752
700,LOAD,21377294,4677.860537446882
701,LOAD,24557234,4072.1198486767685
702,LOAD,19713875,5072.56944664608
703,LOAD,20982585,4765.857019046986
704,LOAD,20601748,4853.957052576316
705,LOAD,29507017,3389.024380200818
706,LOAD,24061932,4155.9422576707475
707,LOAD,24389813,4100.072435979727
708,LOAD,25735365,3885.703583376416
709,LOAD,27884467,3586.2259802204576
710,LOAD,23278684,4295.775482840869
711,LOAD,30187463,3312.633459790907
712,LOAD,27042350,3697.903473625628
713,LOAD,25011877,3998.100582375325
714,LOAD,24055699,4157.019091401168
715,LOAD,20534979,4869.739579475587
716,LOAD,20224280,4944.551796157885
717,LOAD,21284920,4698.16189114171
718,LOAD,21005023,4760.766032010533
719,LOAD,23287393,4294.168952273877
720,LOAD,22043570,4536.470272283482
721,LOAD,23985264,4169.226571781741
722,LOAD,22152802,4514.101647276945
723,LOAD,25434912,3931.6039308490626
724,LOAD,20836906,4799.176998734842
725,LOAD,24193025,4133.422753045557
726,LOAD,20399934,4901.976643649926
727,LOAD,23962689,4173.154356758543
728,LOAD,18810927,5316.059118192315
729,LOAD,21990545,4547.408897778569
730,LOAD,20136327,4966.148990329766
731,LOAD,20924524,4779.081235013996
732,LOAD,16098870,6211.616094794231
733,LOAD,27061453,3695.293079791392
734,LOAD,21781226,4591.109793360575
735,LOAD,27522781,3633.353766103796
736,LOAD,22257242,4492.9196528482735
737,LOAD,28668787,3488.1140942586794
738,LOAD,23626450,4232.544457588847
739,LOAD,27835338,3592.555621203522
740,LOAD,23954188,4174.635349776832
741,LOAD,28316116,3531.5577885046096
742,LOAD,23306830,4290.587780491813
743,LOAD,25219644,3965.1630292640134
744,LOAD,25026175,3995.8163802498784
745,LOAD,25292231,3953.7832783513645
746,LOAD,19745806,5064.36657992082
747,LOAD,19331596,5172.878638680428
748,LOAD,19536686,5118.575381720319
749,LOAD,19307733,5179.271952849151
750,LOAD,20402290,4901.41057694994
751,LOAD,23310838,4289.850068882123
752,LOAD,21417539,4669.070522061382
753,LOAD,23837483,4195.073783586967
754,LOAD,23768754,4207.204130262781
755,LOAD,28407403,3520.2091511145877
756,LOAD,27186636,3678.2778126723733
757,LOAD,25758575,3882.202334562374
758,LOAD,21611193,4627.231823805377
759,LOAD,28285204,3535.4173157103623
760,LOAD,27665460,3614.615480819766
761,LOAD,25086121,3986.2679447332653
762,LOAD,25446768,3929.7721423797316
763,LOAD,25329196,3948.013193944253
764,LOAD,21727034,4602.561030649651
765,LOAD,23183499,4313.412742399239
766,LOAD,25440230,3930.782072331893
767,LOAD,24731368,4043.447980718252
768,LOAD,29068821,3440.112001790509
769,LOAD,21308948,4692.864237127051
770,LOAD,19525583,5121.486001211846
771,LOAD,16269579,6146.440544036203
772,LOAD,23818738,4198.375245573465
773,LOAD,22950142,4357.271514921345
774,LOAD,24428853,4093.5200682569907
775,LOAD,27292554,3664.0030097586323
776,LOAD,23742937,4211.778854486284
777,LOAD,27183197,3678.743158871269
778,LOAD,23765363,4207.80444212024
779,LOAD,24990510,4001.5189766035187
780,LOAD,22797779,4386.392200749029
781,LOAD,14765198,6772.6826284347835
782,LOAD,25875259,3864.6956152207017
783,LOAD,21372269,4678.960385535106
784,LOAD,28864674,3464.4423837941144
785,LOAD,23855695,4191.871165354856
786,LOAD,28777186,3474.974933268319
787,LOAD,26266684,3807.1040866825824
788,LOAD,25443413,3930.290327009195
789,LOAD,21620125,4625.320158879747
790,LOAD,24448544,4090.223123307466
791,LOAD,21845867,4577.524892923681
792,LOAD,23094920,4329.956544556118
793,LOAD,20697381,4831.529167869113
794,LOAD,25779268,3879.086093522904
795,LOAD,23728874,4214.274979925301
796,LOAD,24322606,4111.401549653026
797,LOAD,21803534,4586.412459558162
798,LOAD,23879519,4187.689040135188
799,LOAD,20806690,4806.146484616246
800,LOAD,28891742,3461.1966284345194
801,LOAD,23414461,4270.864915489619
802,LOAD,28403935,3520.638953722433
803,LOAD,27078611,3692.951606712767
804,LOAD,25033879,3994.5866958931933
805,LOAD,22421575,4459.989987322479
806,LOAD,29207875,3423.7341812781656
807,LOAD,22966274,4354.210874606825
808,LOAD,29082300,3438.517586298195
809,LOAD,26638475,3753.96864873083
810,LOAD,24140562,4142.405632478648
811,LOAD,24079666,4152.881522526101
812,LOAD,24230189,4127.082954243569
813,LOAD,21337442,4686.597390633798
814,LOAD,23097439,4329.484320750885
815,LOAD,20707202,4829.237672960355
816,LOAD,22886919,4369.30807506244
817,LOAD,19980920,5004.774554925399
818,LOAD,25725181,3887.2418429242543
819,LOAD,22176494,4509.2790591695875
820,LOAD,23307516,4290.461497484331
821,LOAD,21025931,4756.031968334719
822,LOAD,22044143,4536.352354455331
823,LOAD,18408673,5432.2220835798435
824,LOAD,22266918,4490.9672726149165
825,LOAD,25417037,3934.3689038183325
826,LOAD,21242156,4707.6200739698925
827,LOAD,20442498,4891.770076240194
828,LOAD,27737160,3605.271772596762
829,LOAD,23302830,4291.324272631264
830,LOAD,24386383,4100.649120453821
831,LOAD,25506003,3920.6456613370588
832,LOAD,28261377,3538.3980051644335
833,LOAD,25909434,3859.598013603848
834,LOAD,33395703,2994.3972133181323
835,LOAD,28881640,3462.4072594215563
836,LOAD,29628457,3375.1335751301526
837,LOAD,28605012,3495.890859965379
838,LOAD,29463033,3394.083698036112
839,LOAD,27949337,3577.902402479171
840,LOAD,25420185,3933.881677100304
841,LOAD,28061387,3563.6157257658006
842,LOAD,25366099,3942.2695622216092
843,LOAD,27966905,3575.654867780328
844,LOAD,28168623,3550.0492871092774
845,LOAD,29042353,3443.2471776649777
846,LOAD,28366729,3525.256648378458
847,LOAD,28915074,3458.403737787425
848,LOAD,26456151,3779.839327345841
849,LOAD,27243711,3670.5718982263465
850,LOAD,27408065,3648.5611078345005
851,LOAD,30637242,3264.001374536259
852,LOAD,27691699,3611.190487084234
853,LOAD,28650643,3490.32306185938
854,LOAD,24643605,4057.84786763138
855,LOAD,30276137,3302.9312821513527
856,LOAD,24890064,4017.66745155818
857,LOAD,27233662,3671.9263094327894
858,LOAD,24420778,4094.8736358849833
859,LOAD,29457003,3394.778484423551
860,LOAD,28629252,3492.9309365120685
861,LOAD,29567763,3382.061740686977
862,LOAD,27401111,3649.48705911961
863,LOAD,28434718,3516.827562699936
864,LOAD,27667982,3614.286000330635
865,LOAD,29238245,3420.177921075632
866,LOAD,29331665,3409.284812164601
867,LOAD,30003479,3332.946822600139
868,LOAD,28867664,3464.083550369715
869,LOAD,31650254,3159.5323058070876
870,LOAD,27717837,3607.785124070107
871,LOAD,28549670,3502.6674564014224
872,LOAD,28185902,3547.872975645768
873,LOAD,29503395,3389.440435583769
874,LOAD,28641927,3491.3851990475364
875,LOAD,29009073,3447.197364769291
876,LOAD,27906636,3583.377086367558
877,LOAD,30819974,3244.649070761708
878,LOAD,27489991,3637.687622378632
879,LOAD,29311603,3411.6182591583274
880,LOAD,27622691,3620.2120930216392
881,LOAD,31342842,3190.5211403611706
882,LOAD,29818850,3353.5833876893307
883,LOAD,31311990,3193.664791027335
884,LOAD,30899494,3236.2989503970516
885,LOAD,30180892,3313.3546881251887
886,LOAD,29979875,3335.570945509279
887,LOAD,31189720,3206.1846018495835
888,LOAD,28882259,3462.3330536576104
889,LOAD,31712272,3153.353376888291
890,LOAD,29604749,3377.8364410385648
891,LOAD,28185020,3547.984000011353
892,LOAD,29733342,3363.2277192385573
893,LOAD,28774427,3475.30812690032
894,LOAD,29451004,3395.46998126108
895,LOAD,28565267,3500.754955309887
896,LOAD,28137953,3553.918794306039
897,LOAD,28326541,3530.258071396716
898,LOAD,29810069,3354.5712356452445
899,LOAD,27129051,3686.0854439766435
900,LOAD,28175978,3549.1225894625554
901,LOAD,23947377,4175.822679870117
902,LOAD,28958696,3453.1941631625955
903,LOAD,25189077,3969.974763267427
904,LOAD,29285166,3414.6980761522746
905,LOAD,25555263,3913.0882746149005
906,LOAD,28969741,3451.8775987676245
907,LOAD,26557225,3765.453657149796
908,LOAD,29322884,3410.3057530084693
909,LOAD,26370581,3792.1045425582392
910,LOAD,28583709,3498.496293815474
911,LOAD,26598561,3759.601882222125
912,LOAD,29448966,3395.70496295184
913,LOAD,27316280,3660.8205802547054
914,LOAD,27869311,3588.176255954085
915,LOAD,27520060,3633.7130078931514
916,LOAD,28447705,3515.222053940731
917,LOAD,28123251,3555.7766774545375
918,LOAD,29152448,3430.2436625562286
919,LOAD,26167862,3821.4814798396596
920,LOAD,28791606,3473.234525368262
921,LOAD,25663164,3896.63566035739
922,LOAD,28580422,3498.8986516714135
923,LOAD,27089792,3691.42738342177
924,LOAD,28900371,3460.1631930607396
925,LOAD,27348455,3656.5136860564885
926,LOAD,29128175,3433.1021425132194
927,LOAD,25855265,3867.6842028113037
928,LOAD,20020221,4994.9498559481435
929,LOAD,21597425,4630.181607298092
930,LOAD,30160137,3315.6348063007804
931,LOAD,28334184,3529.305802489318
932,LOAD,29700067,3366.9957714236807
933,LOAD,26870030,3721.6184723277197
934,LOAD,29859260,3349.044818927194
935,LOAD,28288628,3534.989395738811
936,LOAD,30515659,3277.006077437161
937,LOAD,28706256,3483.5612139737063
938,LOAD,29473637,3392.86257749595
939,LOAD,26740055,3739.7080896056495
940,LOAD,28834607,3468.0548966732927
941,LOAD,25888886,3862.6613752325998
942,LOAD,26709843,3743.9381429535174
943,LOAD,25134978,3978.51949581973
944,LOAD,27184424,3678.5771146006255
945,LOAD,25929113,3856.668756852577
946,LOAD,27416555,3647.4312691729506
947,LOAD,26485507,3775.6498299239656
948,LOAD,29830355,3352.2899744237034
949,LOAD,26988652,3705.261011183515
950,LOAD,27498585,3636.5507534296767
951,LOAD,25386280,3939.135627590966
952,LOAD,29674316,3369.917608210413
953,LOAD,26564628,3764.404304852302
954,LOAD,28955390,3453.5884337941916
955,LOAD,26024742,3842.4972666395693
956,LOAD,29699680,3367.0396448715946
957,LOAD,28003887,3570.932849429081
958,LOAD,27835841,3592.4907029034975
959,LOAD,27933445,3579.937956095283
960,LOAD,28312785,3531.9732763837965
961,LOAD,25775890,3879.594458232092
962,LOAD,29047526,3442.633978535728
963,LOAD,28547170,3502.974200244718
964,LOAD,28837570,3467.698561286544
965,LOAD,26047267,3839.1743748010113
966,LOAD,27778369,3599.9233792307964
967,LOAD,26569036,3763.7797622766593
968,LOAD,29449916,3395.59542376963
969,LOAD,26211731,3815.0856957901788
970,LOAD,27967078,3575.6327493347712
971,LOAD,25890666,3862.3958147696935
972,LOAD,29390573,3402.4515275697413
973,LOAD,26362883,3793.2118425742738
974,LOAD,29209310,3423.5659794770913
975,LOAD,26535209,3768.5778167415224
976,LOAD,28057089,3564.161627744061
977,LOAD,26325103,3798.655602601061
978,LOAD,28700185,3484.2980977300317
979,LOAD,26488994,3775.1528049725107
980,LOAD,30170771,3314.4661765521337
981,LOAD,28816572,3470.2253966918756
982,LOAD,30665200,3261.025527307828
983,LOAD,28772889,3475.493892879509
984,LOAD,27878340,3587.0141479012023
985,LOAD,25507217,3920.459060665066
986,LOAD,27028879,3699.7464822717952
987,LOAD,26661632,3750.7081336956417
988,LOAD,26559385,3765.1474234060765
989,LOAD,24965545,4005.520408226618
990,LOAD,26364767,3792.9407834326776
991,LOAD,26480254,3776.3988215520894
992,LOAD,28071339,3562.3523338163527
993,LOAD,25737391,3885.397707949496
994,LOAD,27817362,3594.8771849753402
995,LOAD,25027557,3995.595734733518
996,LOAD,28633125,3492.4584724859756
997,LOAD,25539607,3915.487031574135
998,LOAD,27508663,3635.2184764486738
999,LOAD,26478216,3776.6894869352227
1000,LOAD,27774728,3600.3952946001846
1001,LOAD,27035110,3698.893771839656
1002,LOAD,27769879,3601.023972772802
1003,LOAD,28080507,3561.189262002997
1004,LOAD,27877194,3587.1616060066876
1005,LOAD,27782787,3599.350921849561
1006,LOAD,28815180,3470.3930358928874
1007,LOAD,27200592,3676.390572675771
1008,LOAD,28442628,3515.8495199529384
1009,LOAD,25262498,3958.436730999444
1010,LOAD,27864192,3588.8354487365004
1011,LOAD,25563603,3911.8116487726716
1012,LOAD,28316068,3531.5637750269566
1013,LOAD,28489664,3510.044906110511
1014,LOAD,26041257,3840.0604087583024
1015,LOAD,25967676,3850.9414550612846
1016,LOAD,28453389,3514.5198345265653
1017,LOAD,28967674,3452.1239088785655
1018,LOAD,27332382,3658.663924717575
1019,LOAD,27497314,3636.7188446115138
1020,LOAD,26845279,3725.049756420859
1021,LOAD,29111580,3435.0591757644206
1022,LOAD,27860628,3589.294541386504
1023,LOAD,27187669,3678.138055895855
1024,LOAD,28178620,3548.7898271810327
1025,LOAD,27080754,3692.6593698240454
1026,LOAD,28725735,3481.1990015225024
1027,LOAD,25531836,3916.6787692040634
1028,LOAD,26231237,3812.248732303399
1029,LOAD,25230838,3963.403831454191
1030,LOAD,28561469,3501.2204729385594
1031,LOAD,28428746,3517.566339366499
1032,LOAD,29389232,3402.6067778838183
1033,LOAD,28315832,3531.593209057039
1034,LOAD,28076971,3561.637756437473
1035,LOAD,26516740,3771.2026440655977
1036,LOAD,27653805,3616.138900234525
1037,LOAD,26157729,3822.9618481023335
1038,LOAD,28249361,3539.903079577623
1039,LOAD,26355535,3794.2694010954433
1040,LOAD,26673336,3749.0623595038883
1041,LOAD,25804329,3875.3187498113207
1042,LOAD,30848651,3241.6328350954473
1043,LOAD,31216176,3203.4673305276087
1044,LOAD,31289212,3195.9897232311255
1045,LOAD,28194218,3546.8265159899097
1046,LOAD,27404647,3649.016168681173
1047,LOAD,26738135,3739.976628886046
1048,LOAD,28892328,3461.1264277492623
1049,LOAD,29265371,3417.007766619463
1050,LOAD,30098377,3322.4382829678825
1051,LOAD,29052713,3442.0193391233374
1052,LOAD,30106237,3321.570875828819
1053,LOAD,28089908,3559.9974197138704
1054,LOAD,29559244,3383.0364538416475
1055,LOAD,28665880,3488.4678230704935
1056,LOAD,30509237,3277.695866337136
1057,LOAD,29194023,3425.358677014127
1058,LOAD,28317248,3531.416612235765
1059,LOAD,28938680,3455.582631965245
1060,LOAD,29464178,3393.951801404404
1061,LOAD,29453003,3395.2395278674976
1062,LOAD,29605529,3377.7474471069236
1063,LOAD,28747922,3478.5122903839797
1064,LOAD,30348063,3295.1032163074133
1065,LOAD,28907533,3459.3059186337346
1066,LOAD,30084651,3323.954131959184
1067,LOAD,29061282,3441.004426439274
1068,LOAD,32733836,3054.942903728118
1069,LOAD,28289562,3534.8726855509462
1070,LOAD,29264257,3417.137841565566
1071,LOAD,25440029,3930.8131291831464
1072,LOAD,28231385,3542.1570709336434
1073,LOAD,25812717,3874.0594413211134
1074,LOAD,27844703,3591.3473381274707
1075,LOAD,27832226,3592.957315020365
1076,LOAD,29838592,3351.3645684085895
1077,LOAD,27538100,3631.3325901205963
1078,LOAD,29793304,3356.4588875406366
1079,LOAD,28426307,3517.8681493871154
1080,LOAD,30521309,3276.399449315886
1081,LOAD,27655944,3615.859216376776
1082,LOAD,28618581,3494.233344413547
1083,LOAD,28877971,3462.847164712507
1084,LOAD,29405604,3400.712326806822
1085,LOAD,27318217,3660.561009527086
1086,LOAD,30050222,3327.762437162694
1087,LOAD,29086959,3437.96682217622
1088,LOAD,23151310,4319.41000314885
1089,LOAD,29256098,3418.0908199035975
1090,LOAD,30869324,3239.461933147613
1091,LOAD,29489122,3391.080955207822
1092,LOAD,28930990,3456.5011428921025
1093,LOAD,29925259,3341.6586302561323
1094,LOAD,27070760,3694.0226281050104
1095,LOAD,29602597,3378.0819973328694
1096,LOAD,28866441,3464.230315056851
1097,LOAD,30982099,3227.6702750191325
1098,LOAD,29031814,3444.4971299416566
1099,LOAD,22005279,4544.364104631439
1100,LOAD,29026470,3445.1312887857184
1101,LOAD,29390444,3402.466461547842
1102,LOAD,28565766,3500.6938025047184
1103,LOAD,31612284,3163.3272686022938
1104,LOAD,31171879,3208.0196384696605
1105,LOAD,29725903,3364.069377471897
1106,LOAD,31119928,3213.3750437983017
1107,LOAD,28192933,3546.988176079445
1108,LOAD,30074564,3325.068985206236
1109,LOAD,29073838,3439.5183738727583
1110,LOAD,30995464,3226.2785290131483
1111,LOAD,32246916,3101.0717427985983
1112,LOAD,28379060,3523.7248872936593
1113,LOAD,29744727,3361.940420565971
1114,LOAD,27797597,3597.43326014835
1115,LOAD,30442605,3284.8700037332546
1116,LOAD,27387056,3651.3599709293326
1117,LOAD,27887474,3585.8392911455517
1118,LOAD,27453998,3642.4567379949544
1119,LOAD,28122197,3555.9099454427405
1120,LOAD,27920847,3581.5532386965197
1121,LOAD,27928651,3580.5524584771388
1122,LOAD,26939742,3711.98803611408
1123,LOAD,28342260,3528.3001426138917
1124,LOAD,28755593,3477.5843433310524
1125,LOAD,29784479,3357.4533904051164
1126,LOAD,26606797,3758.4381163955964
1127,LOAD,28936719,3455.8168118507147
1128,LOAD,28935629,3455.946991855612
1129,LOAD,30024625,3330.5994662714356
1130,LOAD,28409348,3519.968145696269
1131,LOAD,28516839,3506.700023799973
1132,LOAD,29571192,3381.669565433818
1133,LOAD,31075196,3218.0006201730794
1134,LOAD,28607004,3495.647429559558
1135,LOAD,30067905,3325.805372871838
1136,LOAD,28242152,3540.806663741488
1137,LOAD,29707171,3366.190607648234
1138,LOAD,27680810,3612.6110471478255
1139,LOAD,30707257,3256.559190552253
1140,LOAD,30945431,3231.494820673204
1141,LOAD,27830094,3593.2325632820357
1142,LOAD,29312530,3411.510367750583
1143,LOAD,28281107,3535.9294811196746
1144,LOAD,27648388,3616.847390885863
1145,LOAD,28884465,3462.068624085646
1146,LOAD,30242793,3306.572908130542
1147,LOAD,32617940,3065.7975335045685
1148,LOAD,29580211,3380.638495107422
1149,LOAD,32179844,3107.5352633779084
1150,LOAD,28443294,3515.767196302932
1151,LOAD,29884436,3346.223432157127
1152,LOAD,29812548,3354.2922932987813
1153,LOAD,30199127,3311.354000398753
1154,LOAD,30981400,3227.743097471386
1155,LOAD,29456476,3394.8392197355856
1156,LOAD,28824468,3469.2747841868236
1157,LOAD,28485171,3510.5985496804637
1158,LOAD,28464633,3513.1315411654878
1159,LOAD,30917755,3234.3874902948164
1160,LOAD,28929004,3456.738434548248
1161,LOAD,31926582,3132.186213983069
1162,LOAD,32375149,3088.7888732187766
1163,LOAD,29959366,3337.8543457828846
1164,LOAD,28996645,3448.6748380717836
1165,LOAD,30449988,3284.073543805666
1166,LOAD,27474973,3639.676006233018
1167,LOAD,30529668,3275.5023736255503
1168,LOAD,28079959,3561.258761097194
1169,LOAD,28882839,3462.263526102818
1170,LOAD,29543525,3384.836440472151
1171,LOAD,30472661,3281.6300486524624
1172,LOAD,28185957,3547.866052587819
1173,LOAD,30079506,3324.522683318004
1174,LOAD,28736163,3479.9357172354567
1175,LOAD,28949922,3454.2407402686613
1176,LOAD,28292728,3534.4771278329895
1177,LOAD,30429902,3286.241276754687
1178,LOAD,28982943,3450.3052364281984
1179,LOAD,30360056,3293.801566110418
1180,LOAD,28751028,3478.136503501718
1181,LOAD,30072965,3325.245781385374
1182,LOAD,27399279,3649.7310750403326
1183,LOAD,30867858,3239.6157841596914
1184,LOAD,28519192,3506.410700555612
1185,LOAD,29390903,3402.413324966572
1186,LOAD,29523833,3387.0940809074486
1187,LOAD,30391906,3290.349739828756
1188,LOAD,29534058,3385.9214334853677
1189,LOAD,30620708,3265.7638092496095
1190,LOAD,30389774,3290.5805748999646
1191,LOAD,31569956,3167.5685579035967
1192,LOAD,29448379,3395.772650168622
1193,LOAD,31607605,3163.7955485713014
1194,LOAD,29695065,3367.5629267017935
1195,LOAD,33464579,2988.2342162439877
1196,LOAD,29203788,3424.213324655007
1197,LOAD,29869158,3347.9350171169876
1198,LOAD,28816577,3470.224794568765
1199,LOAD,30448852,3284.196067556176
1200,LOAD,31914277,3133.393872591881
1201,LOAD,31905025,3134.3025119083904
1202,LOAD,30564246,3271.7967261485855
1203,LOAD,28617171,3494.4055091958603
1204,LOAD,31088607,3216.612439405857
1205,LOAD,31437696,3180.8946813405155
1206,LOAD,30292496,3301.147584537108
1207,LOAD,29096778,3436.806645739264
1208,LOAD,27979855,3573.999936740201
1209,LOAD,27388514,3651.1655944532076
1210,LOAD,27748950,3603.7399613318703
1211,LOAD,27189900,3677.836255374238
1212,LOAD,28099568,3558.77357260439
1213,LOAD,28685448,3486.088137790283
1214,LOAD,31080338,3217.4682270186377
1215,LOAD,28447700,3515.222671780144
1216,LOAD,30371287,3292.583551036214
1217,LOAD,28146076,3552.8931279799003
1218,LOAD,28956234,3453.487770543642
1219,LOAD,29842885,3350.8824632739093
1220,LOAD,28953736,3453.785722160346
1221,LOAD,29294217,3413.643040877317
1222,LOAD,28400120,3521.1118826258485
1223,LOAD,29461961,3394.207194829971
1224,LOAD,30553398,3272.9583792938515
1225,LOAD,30901449,3236.094203867269
1226,LOAD,27753111,3603.1996557070665
1227,LOAD,29061987,3440.9209528584543
1228,LOAD,29920344,3342.207562854224
1229,LOAD,29708695,3366.017928421292
1230,LOAD,33162096,3015.4909388115875
1231,LOAD,29677792,3369.522907903661
1232,LOAD,30617444,3266.1119589211953
1233,LOAD,29077224,3439.117847013181
1234,LOAD,30242350,3306.6213439101125
1235,LOAD,30435606,3285.6253954660865
1236,LOAD,30774782,3249.413757017028
1237,LOAD,30440708,3285.074709826066
1238,LOAD,27831142,3593.0972577409866
1239,LOAD,30080081,3324.45913293917
1240,LOAD,29860906,3348.860212077959
1241,LOAD,28195474,3546.6685185005226
1242,LOAD,30466815,3282.2597307923393
1243,LOAD,27354777,3655.6686241675447
1244,LOAD,29260566,3417.5688877651924
1245,LOAD,27734349,3605.6371829748014
1246,LOAD,30001529,3333.1634531026734
1247,LOAD,27848513,3590.8560001031296
1248,LOAD,28577075,3499.308449167733
1249,LOAD,26985457,3705.6997033624443
1250,LOAD,29909828,3343.3826500105583
1251,LOAD,29610681,3377.1597485380357
1252,LOAD,30047182,3328.099120909242
1253,LOAD,28106992,3557.833581053426
1254,LOAD,29351681,3406.9598943924198
1255,LOAD,27522764,3633.3560103193126
1256,LOAD,27492804,3637.3154226102215
1257,LOAD,27845936,3591.188315594778
1258,LOAD,29321596,3410.4555563755807
1259,LOAD,26358028,3793.9105307878112
1260,LOAD,29269762,3416.4951529158316
1261,LOAD,29519050,3387.642895011865
1262,LOAD,32197899,3105.7927102634867
1263,LOAD,28790274,3473.3952167318726
1264,LOAD,27765778,3601.555843311864
1265,LOAD,23469367,4260.873333311461
1266,LOAD,27907999,3583.202077655227
1267,LOAD,28047197,3565.418676240624
1268,LOAD,25196485,3968.807553910793
1269,LOAD,31742927,3150.308098556885
1270,LOAD,27788791,3598.573252071312
1271,LOAD,29746851,3361.700369561807
1272,LOAD,29206457,3423.9004066806183
1273,LOAD,30037555,3329.1657726469416
1274,LOAD,30460214,3282.9710257452557
1275,LOAD,29760371,3360.173164507929
1276,LOAD,29633101,3374.6046355391563
1277,LOAD,29972562,3336.384790863057
1278,LOAD,25301652,3952.3110981053733
1279,LOAD,29674014,3369.951904720406
1280,LOAD,29512616,3388.381429826485
1281,LOAD,29841358,3351.0539299183365
1282,LOAD,30017262,3331.416436315877
1283,LOAD,29106694,3435.6358025408176
1284,LOAD,28155443,3551.7111202974147
1285,LOAD,25974839,3849.87949299705
1286,LOAD,28659950,3489.1896182652094
1287,LOAD,25572390,3910.467500300129
1288,LOAD,28135946,3554.1723032877585
1289,LOAD,26093121,3832.4277115029668
1290,LOAD,29762069,3359.9814582783206
1291,LOAD,27375154,3652.9474866150526
1292,LOAD,20395584,4903.022144401455
1293,LOAD,32172187,3108.274858653532
1294,LOAD,29186152,3426.2824369584587
1295,LOAD,31104796,3214.9383008330933
1296,LOAD,28685117,3486.1283640572215
1297,LOAD,29471452,3393.1141227788844
1298,LOAD,28749665,3478.3013993380446
1299,LOAD,30074328,3325.0950777686535
1300,LOAD,28405201,3520.482041299408
1301,LOAD,32664373,3061.4394465799173
1302,LOAD,31232240,3201.819658148119
1303,LOAD,33136570,3017.8138533952065
1304,LOAD,29168860,3428.3136193872506
1305,LOAD,30493079,3279.432687004156
1306,LOAD,30341876,3295.7751195081014
1307,LOAD,30724110,3254.772880321025
1308,LOAD,29348671,3407.309312234275
1309,LOAD,30693646,3258.0033013999055
1310,LOAD,31784540,3146.1836477734146
1311,LOAD,31633949,3161.1608149207045
1312,LOAD,32218303,3103.8257974046614
1313,LOAD,31299102,3194.979843191667
1314,LOAD,31357557,3189.0239408637603
1315,LOAD,32262731,3099.5516157637117
1316,LOAD,30133992,3318.5115334204643
1317,LOAD,30259622,3304.7339454537796
1318,LOAD,33027994,3027.734593872095
1319,LOAD,31285892,3196.3288756478482
1320,LOAD,33962767,2944.4008493183137
1321,LOAD,30375931,3292.080167024346
1322,LOAD,31211194,3203.978675086894
1323,LOAD,28076019,3561.758524240919
1324,LOAD,28734893,3480.089520430788
1325,LOAD,28832275,3468.335398438035
1326,LOAD,28299839,3533.5890073438227
1327,LOAD,25880413,3863.92597366974
1328,LOAD,20967092,4769.378605292522
1329,LOAD,30569253,3271.260831921539
1330,LOAD,27696972,3610.502982058833
1331,LOAD,28544742,3503.272161296816
1332,LOAD,28260477,3538.5106910969694
1333,LOAD,27162824,3681.5023356923416
1334,LOAD,25192080,3969.501525876386
1335,LOAD,30385088,3291.08804950639
1336,LOAD,28633194,3492.450056392591
1337,LOAD,31062666,3219.2986912327488
1338,LOAD,30532788,3275.167665658308
1339,LOAD,31866205,3138.120777168163
1340,LOAD,29468026,3393.508611672869
1341,LOAD,30583343,3269.753734900727
1342,LOAD,30546845,3273.6605040553286
1343,LOAD,31019293,3223.800104019134
1344,LOAD,32602569,3067.242952541562
1345,LOAD,32477218,3079.0814656600205
1346,LOAD,30840182,3242.5230175360184
1347,LOAD,32474692,3079.3209678478242
1348,LOAD,29777441,3358.246935994265
1349,LOAD,32073903,3117.7995393950027
1350,LOAD,28672869,3487.617510476541
1351,LOAD,30554008,3272.893035833466
1352,LOAD,30060081,3326.6710093030024
1353,LOAD,32968141,3033.2313854153927
1354,LOAD,30698354,3257.50364335495
1355,LOAD,33583325,2977.668232672018
1356,LOAD,29820716,3353.3735407292033
1357,LOAD,38131727,2622.4880923961296
1358,LOAD,32241755,3101.5681373423995
1359,LOAD,32589283,3068.4934062526017
1360,LOAD,32598240,3067.6502780518213
1361,LOAD,32604639,3067.0482197333945
1362,LOAD,33318575,3001.3288383431764
1363,LOAD,29708701,3366.017248616828
1364,LOAD,30897483,3236.5095888231413
1365,LOAD,31633947,3161.161014779471
1366,LOAD,29510601,3388.612790366418
1367,LOAD,30557574,3272.511096594252
1368,LOAD,30015842,3331.574040135206
1369,LOAD,31159936,3209.2492102679544
1370,LOAD,28809489,3471.078574146178
1371,LOAD,30308938,3299.356777198858
1372,LOAD,28220452,3543.5293524001668
1373,LOAD,31733366,3151.257260260383
1374,LOAD,28577435,3499.2643671484166
1375,LOAD,29556846,3383.3109256650723
1376,LOAD,28224771,3542.9871158210635
1377,LOAD,30434088,3285.789276813552
1378,LOAD,28172853,3549.5162665989137
1379,LOAD,30598831,3268.098706123773
1380,LOAD,30691699,3258.2099804901645
1381,LOAD,31224438,3202.6196916658673
1382,LOAD,28476233,3511.7004415577017
1383,LOAD,27830818,3593.139087755164
1384,LOAD,27290692,3664.252998788012
1385,LOAD,28545102,3503.227979357019
1386,LOAD,28868564,3463.9755548630683
1387,LOAD,30169511,3314.604601977142
1388,LOAD,28293525,3534.3775651849674
1389,LOAD,32586583,3068.7476499146906
1390,LOAD,25987136,3848.0577467251487
1391,LOAD,31306792,3194.195048793246
1392,LOAD,29778010,3358.182766410516
1393,LOAD,30616295,3266.2345329505088
1394,LOAD,28776066,3475.1101835810355
1395,LOAD,29879318,3346.7966035904838
1396,LOAD,28865626,3464.3281250855257
1397,LOAD,30711327,3256.1276170189585
1398,LOAD,29690151,3368.12029012584
1399,LOAD,31417188,3182.9710539339167
1400,LOAD,30220661,3308.994465739846
1401,LOAD,31835084,3141.1885076225963
1402,LOAD,28754385,3477.730440070271
1403,LOAD,31540365,3170.5403536071954
1404,LOAD,30167407,3314.835776240232
1405,LOAD,32366682,3089.5968885534826
1406,LOAD,26205978,3815.923221793134
1407,LOAD,28840134,3467.390269407209
1408,LOAD,29844340,3350.7190978255844
1409,LOAD,31742409,3150.359508000795
1410,LOAD,29536431,3385.649403612779
1411,LOAD,30481215,3280.7091187145916
1412,LOAD,29234524,3420.6132448060384
1413,LOAD,30628941,3264.885978264805
1414,LOAD,28736911,3479.8451371478304
1415,LOAD,27895696,3584.782397972791
1416,LOAD,27550664,3629.6765842013824
1417,LOAD,28021475,3568.6915124917587
1418,LOAD,27398313,3649.859755963807
1419,LOAD,26909884,3716.106691504133
1420,LOAD,26825600,3727.7824167958966
1421,LOAD,26652355,3752.0136588305236
1422,LOAD,28436197,3516.644648368416
1423,LOAD,28396187,3521.5995725059847
1424,LOAD,27815760,3595.084225633238
1425,LOAD,27813416,3595.3872045059115
1426,LOAD,27593918,3623.9869959749826
1427,LOAD,29999301,3333.4110018096753
1428,LOAD,29946903,3339.2434603337783
1429,LOAD,33381132,2995.704279890808
1430,LOAD,29358504,3406.1681072032825
1431,LOAD,31022838,3223.431718271552
1432,LOAD,29881651,3346.53530355468
1433,LOAD,30816651,3244.9989455375926
1434,LOAD,30012607,3331.933143961802
1435,LOAD,32683584,3059.6399709407633
1436,LOAD,26156292,3823.1718777264
1437,LOAD,28911297,3458.8555470202527
1438,LOAD,29515767,3388.0196980820456
1439,LOAD,31081486,3217.349389279522
1440,LOAD,31418815,3182.806226141883
1441,LOAD,31170849,3208.1256432893438
1442,LOAD,32030316,3122.0422552184623
1443,LOAD,32037657,3121.3268810512577
1444,LOAD,30449146,3284.1643571875547
1445,LOAD,33903705,2949.5301472213728
1446,LOAD,31638878,3160.668339755917
1447,LOAD,33795988,2958.9311015260155
1448,LOAD,30971948,3228.72813812034
1449,LOAD,34397423,2907.194530241408
1450,LOAD,30441167,3285.0251765972043
1451,LOAD,32627476,3064.9014959048627
1452,LOAD,29641372,3373.663000484593
1453,LOAD,30350188,3294.8725062263206
1454,LOAD,28804445,3471.686401178707
1455,LOAD,30453914,3283.6501738331563
1456,LOAD,27944074,3578.5762662953157
1457,LOAD,26522630,3770.3651560950025
1458,LOAD,27409759,3648.3356165225678
1459,LOAD,27944274,3578.5506540624388
1460,LOAD,27958173,3576.7716295338755
1461,LOAD,32009546,3124.068051449402
1462,LOAD,31434458,3181.2223388741104
1463,LOAD,32065587,3118.6081202879586
1464,LOAD,30093555,3322.970649363294
1465,LOAD,32666014,3061.2856530337617
1466,LOAD,29314588,3411.2708662321984
1467,LOAD,30834418,3243.1291552186913
1468,LOAD,29568186,3382.013357194114
1469,LOAD,28374149,3524.334773881677
1470,LOAD,28016155,3569.369172893282
1471,LOAD,27658696,3615.4994436469456
1472,LOAD,28559322,3501.4836836812865
1473,LOAD,30626734,3265.121249951105
1474,LOAD,28068813,3562.672921010233
1475,LOAD,32403322,3086.103332244762
1476,LOAD,28653096,3490.0242542725578
1477,LOAD,30198218,3311.4536758427266
1478,LOAD,30259802,3304.7142872911068
1479,LOAD,33510252,2984.1613844026
1480,LOAD,30663582,3261.197599158507
1481,LOAD,33857469,2953.5580465273406
1482,LOAD,30190375,3312.313941115339
1483,LOAD,32323744,3093.701026712747
1484,LOAD,27876400,3587.263778680174
1485,LOAD,30053362,3327.4147498040315
1486,LOAD,30864852,3239.931297904814
1487,LOAD,33243944,3008.0666722335955
1488,LOAD,26349875,3795.0844169089987
1489,LOAD,32023624,3122.694670659386
1490,LOAD,33873075,2952.1972835356696
1491,LOAD,32352933,3090.9098720663133
1492,LOAD,32903214,3039.2167768170007
1493,LOAD,29967073,3336.9959088096457
1494,LOAD,31977886,3127.1610637426124
1495,LOAD,31218872,3203.190685428993
1496,LOAD,28861485,3464.825181379267
1497,LOAD,32581102,3069.2638941432983
1498,LOAD,24963080,4005.915936655252
1499,LOAD,27529492,3632.46804554185
1500,LOAD,25005293,3999.1532992634798
1501,LOAD,31123580,3212.997990591057
1502,LOAD,28178095,3548.8559464364075
1503,LOAD,28602643,3496.1804054261697
1504,LOAD,29081814,3438.575048997975
1505,LOAD,30865211,3239.8936135573476
1506,LOAD,28665908,3488.464415639651
1507,LOAD,30435849,3285.5991630133267
1508,LOAD,28710625,3483.0311078215814
1509,LOAD,31159881,3209.2548748822246
1510,LOAD,29551743,3383.8951563703026
1511,LOAD,30649325,3262.7145948564935
1512,LOAD,28709994,3483.1076593049793
1513,LOAD,22082055,4528.5640308386155
1514,LOAD,32476856,3079.1157863310414
1515,LOAD,30239459,3306.9374686895026
1516,LOAD,30805435,3246.1804223832582
1517,LOAD,29034699,3444.1548713833745
1518,LOAD,27740229,3604.872908583415
1519,LOAD,26571297,3763.459495409652
1520,LOAD,29462901,3394.0989042457154
1521,LOAD,28080212,3561.226674499466
1522,LOAD,30766313,3250.3082186025995
1523,LOAD,29664978,3370.978397489457
1524,LOAD,43232944,2313.050899332694
1525,LOAD,32074522,3117.73936958437
1526,LOAD,33651273,2971.6557825316145
1527,LOAD,30343679,3295.5792868755298
1528,LOAD,33145474,3017.0031661034623
1529,LOAD,31565823,3167.983296364552
1530,LOAD,32529282,3074.153312083556
1531,LOAD,29337619,3408.592905920552
1532,LOAD,31109517,3214.450420429221
1533,LOAD,32844192,3044.6783406941477
1534,LOAD,29844540,3350.6966433391167
1535,LOAD,31245905,3200.4193829559426
1536,LOAD,33964652,2944.2374383815268
1537,LOAD,31331415,3191.6847675089043
1538,LOAD,33383839,2995.461366800864
1539,LOAD,29815673,3353.940727750804
1540,LOAD,32501997,3076.734023450928
1541,LOAD,28806047,3471.493329161061
1542,LOAD,28438717,3516.333032886118
1543,LOAD,28707269,3483.4382887484003
1544,LOAD,30113813,3320.735238676019
1545,LOAD,31071928,3218.33907442113
1546,LOAD,30401575,3289.303268005029
1547,LOAD,29344127,3407.83694127278
1548,LOAD,32076670,3117.5305915483123
1549,LOAD,27364606,3654.3555569555797
1550,LOAD,28081997,3561.000309201657
1551,LOAD,28700963,3484.2036484977875
1552,LOAD,28146776,3552.8047688303627
1553,LOAD,29852131,3349.844605733507
1554,LOAD,30445972,3284.5067321220686
1555,LOAD,30926645,3233.457751398511
1556,LOAD,30520746,3276.459887317302
1557,LOAD,29959163,3337.8769627175498
1558,LOAD,32447650,3081.8872861362843
1559,LOAD,28761864,3476.8261194754277
1560,LOAD,29899285,3344.5615839977445
1561,LOAD,29099325,3436.505829602577
1562,LOAD,32517011,3075.31341057147
1563,LOAD,28012510,3569.833620764437
1564,LOAD,28838922,3467.5359918099575
1565,LOAD,30344302,3295.511625213854
1566,LOAD,32612404,3066.3179568117703
1567,LOAD,29100596,3436.355736494194
1568,LOAD,31292699,3195.633588524914
1569,LOAD,30938591,3232.2092496067453
1570,LOAD,30283525,3302.1254956283983
1571,LOAD,33321488,3001.066458976862
1572,LOAD,31384063,3186.3305907842464
1573,LOAD,28829429,3468.6777875482726
1574,LOAD,33592383,2976.8653209270683
1575,LOAD,29775025,3358.519430294349
1576,LOAD,31528511,3171.732404362515
1577,LOAD,34395411,2907.3645900030097
1578,LOAD,31616602,3162.8952409243725
1579,LOAD,31527723,3171.811678249013
1580,LOAD,33528851,2982.5060214559694
1581,LOAD,32432503,3083.3266245284863
1582,LOAD,30037846,3329.133520426198
1583,LOAD,32541030,3073.043477726427
1584,LOAD,28748631,3478.4265031611417
1585,LOAD,28780268,3474.6028077292403
1586,LOAD,29775053,3358.5162719945456
1587,LOAD,29074673,3439.41959381624
1588,LOAD,30724178,3254.765676725346
1589,LOAD,27990427,3572.6500349565945
1590,LOAD,28306428,3532.766479755058
1591,LOAD,27429609,3645.6954235111407
1592,LOAD,29718036,3364.9599186164255
1593,LOAD,28841431,3467.234340764853
1594,LOAD,31862757,3138.4603661258816
1595,LOAD,26359514,3793.6966516150487
1596,LOAD,28284687,3535.481937629361
1597,LOAD,27381239,3652.1356831223015
1598,LOAD,29071967,3439.739732781067
1599,LOAD,29725782,3364.0830710525966
1600,LOAD,30542956,3274.077335540149
1601,LOAD,29570327,3381.7684870376984
1602,LOAD,30205790,3310.6235592580097
1603,LOAD,29533159,3386.024502153664
1604,LOAD,30581735,3269.925659875086
1605,LOAD,29405992,3400.6674558028853
1606,LOAD,30023652,3330.707403616322
1607,LOAD,26240298,3810.9323301130194
1608,LOAD,29149309,3430.6130550127277
1609,LOAD,29338532,3408.4868322654997
1610,LOAD,30814221,3245.2548451573707
1611,LOAD,34786106,2874.7109550002524
1612,LOAD,32346435,3091.530797752519
1613,LOAD,29897690,3344.740011686522
1614,LOAD,27680956,3612.591992848802
1615,LOAD,30711928,3256.0638980398753
1616,LOAD,31520256,3172.5630654776405
1617,LOAD,27462392,3641.34340519209
1618,LOAD,30109233,3321.2403650401857
1619,LOAD,29386089,3402.9707049481813
1620,LOAD,31791568,3145.4881369802206
1621,LOAD,29774489,3358.5798903215436
1622,LOAD,31310836,3193.782497535358
1623,LOAD,31496477,3174.9582659673333
1624,LOAD,31386737,3186.0591306448964
1625,LOAD,28892013,3461.1641632585447
1626,LOAD,30197660,3311.5148657213836
1627,LOAD,29807188,3354.8954701798775
1628,LOAD,29862370,3348.696034507643
1629,LOAD,28386214,3522.8368249460814
1630,LOAD,30944700,3231.571157581104
1631,LOAD,27923752,3581.180637902815
1632,LOAD,32239611,3101.7743979603224
1633,LOAD,29756772,3360.5795682408025
1634,LOAD,31549306,3169.6418298392996
1635,LOAD,30967661,3229.175106250356
1636,LOAD,28475422,3511.8004572504665
1637,LOAD,30366192,3293.135998086293
1638,LOAD,32249966,3100.7784628362087
1639,LOAD,29659268,3371.6273779919316
1640,LOAD,29448758,3395.728947210609
1641,LOAD,30923948,3233.7397540572765
1642,LOAD,32582107,3069.1692222359957
1643,LOAD,29912499,3343.0841067474835
1644,LOAD,33076662,3023.279676770286
1645,LOAD,30431449,3286.0742188122554
1646,LOAD,31836424,3141.0562945134793
1647,LOAD,30171568,3314.3786229472726
1648,LOAD,30388836,3290.682143929435
1649,LOAD,30333549,3296.679857671781
1650,LOAD,32945006,3035.361414109319
1651,LOAD,30386536,3290.931220327319
1652,LOAD,32741031,3054.271565241791
1653,LOAD,31092367,3216.223454457488
1654,LOAD,31239418,3201.083963856177
1655,LOAD,28960459,3452.9839461453284
1656,LOAD,28492220,3509.7300245470515
1657,LOAD,30495577,3279.1640571352364
1658,LOAD,32622243,3065.3931429546396
1659,LOAD,26269170,3806.74379890952
1660,LOAD,29573674,3381.3857554526367
1661,LOAD,28540892,3503.7447322949824
1662,LOAD,31048050,3220.8141896189936
1663,LOAD,28536934,3504.2306927576733
1664,LOAD,31924728,3132.368112893554
1665,LOAD,30725365,3254.639936742818
1666,LOAD,32439072,3082.7022425302425
1667,LOAD,25005128,3999.1796882623435
1668,LOAD,30818656,3244.7878324090448
1669,LOAD,29036009,3443.9994835378375
1670,LOAD,30482849,3280.5332598668847
1671,LOAD,29596318,3378.7986735377017
1672,LOAD,31001720,3225.6274813139403
1673,LOAD,28394142,3521.8532047913263
1674,LOAD,30551114,3273.2030655248773
1675,LOAD,27722956,3607.1189522502577
1676,LOAD,32139822,3111.4049107054793
1677,LOAD,27786809,3598.829934016533
1678,LOAD,29306231,3412.2436283260035
1679,LOAD,30556942,3272.5787809526228
1680,LOAD,31843536,3140.3547646216175
1681,LOAD,28806301,3471.462719215494
1682,LOAD,28167117,3550.239096177291
1683,LOAD,29501178,3389.695150478398
1684,LOAD,30718558,3255.36114032436
1685,LOAD,30017746,3331.3627212382967
1686,LOAD,31060432,3219.530237055299
1687,LOAD,30708305,3256.4480520823276
1688,LOAD,31510252,3173.5703034047456
1689,LOAD,28942694,3455.1033846400064
1690,LOAD,31196680,3205.469299938327
1691,LOAD,30360267,3293.778674607835
1692,LOAD,30635536,3264.1831368643266
1693,LOAD,30170252,3314.523193243464
1694,LOAD,33023789,3028.1201227393985
1695,LOAD,29101119,3436.293978935999
1696,LOAD,31297545,3195.138788042321
1697,LOAD,30313820,3298.825420220876
1698,LOAD,31427537,3181.9229104717942
1699,LOAD,30611685,3266.7264150927986
1700,LOAD,33025250,3027.986162103239
1701,LOAD,30688627,3258.5361345751962
1702,LOAD,34205140,2923.5372227682738
1703,LOAD,31149836,3210.2897748803557
1704,LOAD,34369491,2909.5572000178877
1705,LOAD,30884625,3237.8570243284485
1706,LOAD,33764556,2961.685620862303
1707,LOAD,31288085,3196.10484310561
1708,LOAD,34508462,2897.839955892558
1709,LOAD,30334965,3296.52597258642
1710,LOAD,32816885,3047.211824035097
1711,LOAD,28777909,3474.8876299525446
1712,LOAD,30801867,3246.5564506203473
1713,LOAD,29852753,3349.7748097135295
1714,LOAD,30390188,3290.5357479196905
1715,LOAD,30942512,3231.7996677192855
1716,LOAD,33296442,3003.323898691638
1717,LOAD,28879183,3462.701836128813
1718,LOAD,31289162,3195.994830414442
1719,LOAD,31012095,3224.548357664969
1720,LOAD,28219630,3543.6325706609196
1721,LOAD,28881202,3462.4597688143313
1722,LOAD,29091262,3437.458299334006
1723,LOAD,30411066,3288.2767082219348
1724,LOAD,32409765,3085.48982073767
1725,LOAD,29262774,3417.3110177456174
1726,LOAD,35760051,2796.4165934774533
1727,LOAD,30164630,3315.140944874842
1728,LOAD,30602726,3267.6827547977264
1729,LOAD,28773010,3475.479277281035
1730,LOAD,31372047,3187.5510067927667
1731,LOAD,32256104,3100.188417051235
1732,LOAD,33404872,2993.57530841609
1733,LOAD,31315489,3193.307950579983
1734,LOAD,32719813,3056.2521857933602
1735,LOAD,30265015,3304.1450665066577
1736,LOAD,32073927,3117.797206434996
1737,LOAD,33533077,2982.1301516708413
1738,LOAD,34739321,2878.5824570376603
1739,LOAD,33874070,2952.1105671683385
1740,LOAD,29953442,3338.514485246804
1741,LOAD,29260779,3417.5440100210594
1742,LOAD,32514649,3075.5368141910435
1743,LOAD,32743279,3054.061873277872
1744,LOAD,32097336,3115.5233568293643
1745,LOAD,32524276,3074.6264728536926
1746,LOAD,31482276,3176.390423614862
1747,LOAD,31866174,3138.123829989757
1748,LOAD,30368097,3292.9294186593256
1749,LOAD,30749668,3252.0676320797998
1750,LOAD,31709839,3153.595324151598
1751,LOAD,32414709,3085.019211494387
1752,LOAD,30433018,3285.904802474733
1753,LOAD,32698603,3058.2346285558438
1754,LOAD,31972803,3127.6582162658683
1755,LOAD,32301608,3095.8211120635233
1756,LOAD,31944343,3130.4447238122884
1757,LOAD,30296014,3300.7642523534614
1758,LOAD,29370084,3404.8251275004864
1759,LOAD,29869406,3347.9072198489653
1760,LOAD,29477015,3392.473763031976
1761,LOAD,31209165,3204.186975204239
1762,LOAD,30950997,3230.9136923763713
1763,LOAD,31336564,3191.1603327027174
1764,LOAD,29818182,3353.658516136228
1765,LOAD,29131272,3432.73716300476
1766,LOAD,30268401,3303.77544555459
1767,LOAD,31710148,3153.564593895935
1768,LOAD,31543213,3170.2540892077163
1769,LOAD,31114515,3213.934075462851
1770,LOAD,28922111,3457.5622782168284
1771,LOAD,26592785,3760.418474409506
1772,LOAD,30046794,3328.1420972899805
1773,LOAD,29841154,3351.076838382323
1774,LOAD,30618026,3266.049875325078
1775,LOAD,28911651,3458.8131961056115
1776,LOAD,30316326,3298.5527335997112
1777,LOAD,31247296,3200.2769135607764
1778,LOAD,30903608,3235.868122582968
1779,LOAD,28927178,3456.956637802692
1780,LOAD,31491118,3175.498564388854
1781,LOAD,32171522,3108.3391081093396
1782,LOAD,30315450,3298.6480490970775
1783,LOAD,30542744,3274.1000612125745
1784,LOAD,32845152,3044.5893506597263
1785,LOAD,29315223,3411.1969743501522
1786,LOAD,31618645,3162.6908743243107
1787,LOAD,33390618,2994.8532249388136
1788,LOAD,32409980,3085.46935234147
1789,LOAD,33114995,3019.780012045903
1790,LOAD,32580389,3069.331062928684
1791,LOAD,31669967,3157.5656520260977
1792,LOAD,31737859,3150.8111495485564
1793,LOAD,31982030,3126.755868842597
1794,LOAD,31681321,3156.4340388457917
1795,LOAD,32461253,3080.5958106423063
1796,LOAD,25471286,3925.9894455270146
1797,LOAD,27706554,3609.254330220929
1798,LOAD,27792729,3598.0633639827165
1799,LOAD,28947075,3454.580471429324
1800,LOAD,27219232,3673.872943953746
1801,LOAD,30095424,3322.7642846965705
1802,LOAD,31003076,3225.486400123652
1803,LOAD,32156434,3109.7975602643005
1804,LOAD,28219937,3543.594020071696
1805,LOAD,28445016,3515.5543593295924
1806,LOAD,32499740,3076.947692504617
1807,LOAD,32845100,3044.5941708200007
1808,LOAD,30916310,3234.538662602361
1809,LOAD,32704187,3057.7124574293807
1810,LOAD,29262340,3417.361701080638
1811,LOAD,31879473,3136.81471459707
1812,LOAD,29466619,3393.670648132383
1813,LOAD,29350502,3407.0967508494405
1814,LOAD,32502258,3076.709316626556
1815,LOAD,33134988,3017.957936185159
1816,LOAD,31718250,3152.7590582708694
1817,LOAD,25996494,3846.6725551530144
1818,LOAD,32537094,3073.415222637891
1819,LOAD,30937921,3232.2792472060423
1820,LOAD,32218505,3103.8063373828177
1821,LOAD,30283853,3302.089730788219
1822,LOAD,33912412,2948.772856380726
1823,LOAD,32266271,3099.2115574805653
1824,LOAD,31740453,3150.5536483679043
1825,LOAD,30047410,3328.0738672650987
1826,LOAD,27854556,3590.0769698142017
1827,LOAD,31252060,3199.789069904512
1828,LOAD,41115425,2432.177218160824
1829,LOAD,32013081,3123.723080574469
1830,LOAD,33619919,2974.427154330741
1831,LOAD,32501916,3076.7416911667606
1832,LOAD,33959433,2944.689918703884
1833,LOAD,31949711,3129.918765149394
1834,LOAD,32991882,3031.0486682754263
1835,LOAD,31983694,3126.5931946447463
1836,LOAD,31679983,3156.567350430712
1837,LOAD,29725084,3364.162065950764
1838,LOAD,30463178,3282.6515999085846
1839,LOAD,29829045,3352.437196698721
1840,LOAD,29373379,3404.44318646486
1841,LOAD,31845077,3140.202801205348
1842,LOAD,33993515,2941.7375637676773
1843,LOAD,32349064,3091.279549850345
1844,LOAD,31786547,3145.9849979930186
1845,LOAD,32876399,3041.6956552936344
1846,LOAD,32623736,3065.2528576126288
1847,LOAD,31387308,3186.0011696447496
1848,LOAD,30621419,3265.6879813440387
1849,LOAD,31629334,3161.62205628484
1850,LOAD,29441346,3396.583838252504
1851,LOAD,31430525,3181.620415185556
1852,LOAD,31940320,3130.8390147625323
1853,LOAD,33514909,2983.7467259720142
1854,LOAD,29491660,3390.789124789856
1855,LOAD,31764097,3148.2084946409777
1856,LOAD,33600366,2976.1580573259234
1857,LOAD,33106516,3020.5534161311325
1858,LOAD,33248835,3007.624176907251
1859,LOAD,29450756,3395.498573958509
1860,LOAD,31444802,3180.175852275998
1861,LOAD,33618262,2974.573759940356
1862,LOAD,31227017,3202.355191339602
1863,LOAD,33156747,3015.9774117768548
1864,LOAD,31436490,3181.0167101988804
1865,LOAD,33958727,2944.751138639561
1866,LOAD,31299148,3194.975147566317
1867,LOAD,33845216,2954.627324582594
1868,LOAD,31256966,3199.2868405717945
1869,LOAD,31793650,3145.2821553989556
1870,LOAD,30582735,3269.8187392331
1871,LOAD,33127610,3018.63007926017
1872,LOAD,27527775,3632.694614802686
1873,LOAD,33576918,2978.236418244224
1874,LOAD,32961833,3033.8118635574665
1875,LOAD,31799893,3144.6646691547044
1876,LOAD,31767622,3147.8591630182455
1877,LOAD,33993389,2941.74846762116
1878,LOAD,32162242,3109.2359792579136
1879,LOAD,31887320,3136.0427906766704
1880,LOAD,31299006,3194.9896428020747
1881,LOAD,33128065,3018.588619649231
1882,LOAD,32244803,3101.274955843272
1883,LOAD,32116612,3113.653457593846
1884,LOAD,31591380,3165.420440639187
1885,LOAD,28424536,3518.0873313112306
1886,LOAD,31188556,3206.3042610885864
1887,LOAD,30150558,3316.688201923162
1888,LOAD,31612604,3163.295247680324
1889,LOAD,30967507,3229.1911647908887
1890,LOAD,30793232,3247.4668459614763
1891,LOAD,31342553,3190.5505591711053
1892,LOAD,26328510,3798.16404346467
1893,LOAD,30904076,3235.8191197821284
1894,LOAD,30685817,3258.834529320174
1895,LOAD,33783894,2959.990343327504
1896,LOAD,30624494,3265.3600741942055
1897,LOAD,34533469,2895.7415196254974
1898,LOAD,30672082,3260.2938398508454
1899,LOAD,33143546,3017.178668812323
1900,LOAD,29757265,3360.5238922327035
1901,LOAD,31902888,3134.5124616931234
1902,LOAD,29648597,3372.840880126638
1903,LOAD,31558479,3168.7205204027737
1904,LOAD,31649182,3159.6393233796693
1905,LOAD,33263986,3006.2542715115383
1906,LOAD,31729420,3151.649163457763
1907,LOAD,31943354,3130.541645689429
1908,LOAD,31022042,3223.5144288696406
1909,LOAD,33464209,2988.2672559210946
1910,LOAD,30123386,3319.679932395382
1911,LOAD,31879065,3136.8548607056073
1912,LOAD,29678596,3369.4316267521554
1913,LOAD,29827136,3352.651759793498
1914,LOAD,31597891,3164.768180256081
1915,LOAD,32893367,3040.126600600054
1916,LOAD,30430329,3286.195164041769
1917,LOAD,33475213,2987.2849502107724
1918,LOAD,31397318,3184.98541818126
1919,LOAD,33460004,2988.642798727699
1920,LOAD,30552803,3273.022118461602
1921,LOAD,32034373,3121.6468635112665
1922,LOAD,29186596,3426.230314765038
1923,LOAD,29841223,3351.0690898962152
1924,LOAD,30787467,3248.0749390653023
1925,LOAD,33395135,2994.4481434196928
1926,LOAD,30401227,3289.340920351669
1927,LOAD,33044714,3026.2026174594826
1928,LOAD,29821395,3353.2971881429426
1929,LOAD,30371042,3292.610111961256
1930,LOAD,31989911,3125.9855646363003
1931,LOAD,33171935,3014.5965256473582
1932,LOAD,32104433,3114.8346398143835
1933,LOAD,30248112,3305.9914615497323
1934,LOAD,30377065,3291.9572710530133
1935,LOAD,33581963,2977.7889994101893
1936,LOAD,30832558,3243.324799713342
1937,LOAD,33081760,3022.813780161636
1938,LOAD,28948047,3454.4644756173016
1939,LOAD,31737232,3150.873396898633
1940,LOAD,30060334,3326.6430106864414
1941,LOAD,29234244,3420.6460067857406
1942,LOAD,28865081,3464.3935348735035
1943,LOAD,30680285,3259.4221337904783
1944,LOAD,30357226,3294.1086250766125
1945,LOAD,31742586,3150.3419412646467
1946,LOAD,32203140,3105.287248386337
1947,LOAD,31813790,3143.291006824399
1948,LOAD,31005983,3225.1839911026204
1949,LOAD,31943089,3130.5676166760204
1950,LOAD,28942346,3455.1449284726264
1951,LOAD,30290223,3301.3953050131063
1952,LOAD,33206355,3011.471749910522
1953,LOAD,32818367,3047.0742191407635
1954,LOAD,33681450,2968.993318280537
1955,LOAD,30778757,3248.994103303132
1956,LOAD,32945091,3035.3535827234473
1957,LOAD,34071723,2934.9851194786947
1958,LOAD,32115959,3113.7167661722324
1959,LOAD,31832444,3141.4490197485306
1960,LOAD,33840542,2955.035412848884
1961,LOAD,32921299,3037.547212216626
1962,LOAD,32442286,3082.396844661316
1963,LOAD,32460052,3080.70979060662
1964,LOAD,30084586,3323.961313610897
1965,LOAD,29563039,3382.6021742893213
1966,LOAD,29757636,3360.4819952767757
1967,LOAD,31862571,3138.4786871090846
1968,LOAD,28238590,3541.2532991201047
1969,LOAD,29653998,3372.226571270424
1970,LOAD,30008903,3332.344404592197
1971,LOAD,31850916,3139.6271303468952
1972,LOAD,26181499,3819.4910077532227
1973,LOAD,31453676,3179.2786318521244
1974,LOAD,28398856,3521.268603214158
1975,LOAD,31737849,3150.812142309959
1976,LOAD,31762282,3148.388393503968
1977,LOAD,29483176,3391.7648492143453
1978,LOAD,30485388,3280.26003802215
1979,LOAD,33307302,3002.3446510317767
1980,LOAD,28990533,3449.4019133763427
1981,LOAD,33534541,2981.9999623671606
1982,LOAD,28981912,3450.4279772845907
1983,LOAD,29214366,3422.973478185356
1984,LOAD,30675294,3259.952455549407
1985,LOAD,33850101,2954.200934289679
1986,LOAD,31560379,3168.529756882831
1987,LOAD,32739002,3054.460853754797
1988,LOAD,31505313,3174.067815165017
1989,LOAD,34282427,2916.946341051058
1990,LOAD,29124656,3433.516948663703
1991,LOAD,31758607,3148.752714500356
1992,LOAD,26714158,3743.3334039575566
1993,LOAD,29961340,3337.634431570818
1994,LOAD,30077975,3324.6919049570324
1995,LOAD,32284773,3097.4354380623954
1996,LOAD,31781586,3146.4760758006223
1997,LOAD,31228937,3202.1583059327313
1998,LOAD,33782674,2960.09723801023
1999,LOAD,31346763,3190.1220550268617
2000,LOAD,32686859,3059.33341591494
2001,LOAD,33050449,3025.677502898675
2002,LOAD,32749829,3053.4510577139195
2003,LOAD,31600677,3164.4891658492
2004,LOAD,34159843,2927.4139228333106
2005,LOAD,32231607,3102.544654382265
2006,LOAD,32209445,3104.679388297439
2007,LOAD,32313120,3094.7181825834214
2008,LOAD,30981123,3227.7719564910544
2009,LOAD,29829181,3352.421911952594
2010,LOAD,30393619,3290.164294025006
2011,LOAD,32555732,3071.6557072038804
2012,LOAD,28535394,3504.419809307697
2013,LOAD,31345086,3190.2927304139475
2014,LOAD,30838310,3242.71985073112
2015,LOAD,29693116,3367.783967165992
2016,LOAD,30071773,3325.377589143148
2017,LOAD,31731951,3151.3977820021214
2018,LOAD,26742299,3739.3942831915833
2019,LOAD,30793901,3247.3962944805207
2020,LOAD,29847367,3350.379281361736
2021,LOAD,31574152,3167.1476085881895
2022,LOAD,30414863,3287.866198838377
2023,LOAD,28420193,3518.624943891127
2024,LOAD,27151829,3682.99314200896
2025,LOAD,26163159,3822.16841628337
2026,LOAD,26578269,3762.4722663466155
2027,LOAD,26513599,3771.64940904477
2028,LOAD,30296985,3300.6584648604476
2029,LOAD,28982439,3450.365236686947
2030,LOAD,31569731,3167.5911334182733
2031,LOAD,33364316,2997.2141493924228
2032,LOAD,31313207,3193.5406679999273
2033,LOAD,34332153,2912.7214946292474
2034,LOAD,31858921,3138.8382550683373
2035,LOAD,33071965,3023.7090538769016
2036,LOAD,31979782,3126.9756623106437
2037,LOAD,31431020,3181.5703085677783
2038,LOAD,30751425,3251.881823362657
2039,LOAD,34829426,2871.1354588502263
2040,LOAD,31782706,3146.3651962170875
2041,LOAD,33613705,2974.977022021226
2042,LOAD,31275536,3197.3872486150194
2043,LOAD,33509971,2984.1864082783004
2044,LOAD,31341163,3190.6920620654696
2045,LOAD,31658904,3158.669042996561
2046,LOAD,31700512,3154.523182464687
2047,LOAD,33846950,2954.4759572132793
2048,LOAD,31241693,3200.8508629798007
2049,LOAD,34640356,2886.8063596113157
2050,LOAD,33426740,2991.616891147626
2051,LOAD,32344885,3091.6789470730846
2052,LOAD,30977522,3228.1471707130095
2053,LOAD,31947055,3130.1789789387476
2054,LOAD,30716303,3255.600128700384
2055,LOAD,31344458,3190.3566493317576
2056,LOAD,26917365,3715.0738937485153
2057,LOAD,30256497,3305.075270279967
2058,LOAD,28884536,3462.060114103962
2059,LOAD,31408812,3183.8198783194985
2060,LOAD,31989171,3126.057877523616
2061,LOAD,29732746,3363.2951359420354
2062,LOAD,29496339,3390.251244400195
2063,LOAD,32530534,3074.0349973966
2064,LOAD,28436021,3516.666414052796
2065,LOAD,30009754,3332.249907813306
2066,LOAD,30721870,3255.0101930644196
2067,LOAD,33088557,3022.1928384486514
2068,LOAD,30283494,3302.1288758820233
2069,LOAD,33065515,3024.298880570891
2070,LOAD,28511066,3507.410070181171
2071,LOAD,31958993,3129.0097281851154
2072,LOAD,34315187,2914.161592649925
2073,LOAD,32290646,3096.8720786818576
2074,LOAD,30382821,3291.33361250425
2075,LOAD,28698099,3484.551363489268
2076,LOAD,29638447,3373.995945199153
2077,LOAD,32686471,3059.369731287296
2078,LOAD,30354983,3294.3520343925084
2079,LOAD,32494903,3077.405708827627
2080,LOAD,32518151,3075.205598251881
2081,LOAD,29284948,3414.7234954967307
2082,LOAD,31735403,3151.054990541636
2083,LOAD,32293965,3096.553798828976
2084,LOAD,31495588,3175.0478828971222
2085,LOAD,35017137,2855.744602992529
2086,LOAD,31396375,3185.081080220248
2087,LOAD,33045192,3026.1588433197785
2088,LOAD,31836436,3141.055110565768
2089,LOAD,34126726,2930.2547217685046
2090,LOAD,32184729,3107.063601498711
2091,LOAD,33607643,2975.513635395377
2092,LOAD,33409193,2993.1881323802104
2093,LOAD,32923735,3037.3224666035003
2094,LOAD,31764692,3148.149524006088
2095,LOAD,30989538,3226.8954767896184
2096,LOAD,30211092,3310.042549934971
2097,LOAD,32735556,3054.782390132613
2098,LOAD,28331289,3529.6664405209376
2099,LOAD,32019327,3123.1137369002167
2100,LOAD,29713799,3365.4397406403673
2101,LOAD,28840830,3467.3065927714283
2102,LOAD,29393999,3402.0549568638144
2103,LOAD,31742868,3150.3139539880267
2104,LOAD,29666466,3370.809317159651
2105,LOAD,31210309,3204.0695271552745
2106,LOAD,31573580,3167.204985940777
2107,LOAD,31595603,3164.997357385457
2108,LOAD,30074271,3325.1013798472454
2109,LOAD,31898727,3134.9213402779365
2110,LOAD,27386614,3651.418901219406
2111,LOAD,28513267,3507.1393257040663
2112,LOAD,28894512,3460.8648175127514
2113,LOAD,28659443,3489.2513437892003
2114,LOAD,31345645,3190.235836589102
2115,LOAD,33364120,2997.231756749466
2116,LOAD,31579563,3166.604933703484
2117,LOAD,34309962,2914.6053848733495
2118,LOAD,31547016,3169.8719143515827
2119,LOAD,33339108,2999.4803700206976
2120,LOAD,31339339,3190.8777654819073
2121,LOAD,33660870,2970.8085382225713
2122,LOAD,30964198,3229.5362534498713
2123,LOAD,34519049,2896.9511877340537
2124,LOAD,32345062,3091.6620286583466
2125,LOAD,33051195,3025.6092101964846
2126,LOAD,32476250,3079.173241984527
2127,LOAD,39931439,2504.292419814873
2128,LOAD,34653375,2885.721809203288
2129,LOAD,32737332,3054.6166682123026
2130,LOAD,31446927,3179.960954531424
2131,LOAD,31544992,3170.075300700663
2132,LOAD,31048725,3220.744169043978
2133,LOAD,33014594,3028.9634941444383
2134,LOAD,30652653,3262.3603575194616
2135,LOAD,32688560,3059.174218748088
2136,LOAD,27368220,3653.872995759315
2137,LOAD,29256346,3418.0618454539745
2138,LOAD,28987065,3449.814598338949
2139,LOAD,30948421,3231.1826183313196
2140,LOAD,28629803,3492.863712684296
2141,LOAD,31025193,3223.187040286905
2142,LOAD,30902292,3236.0059247385275
2143,LOAD,32289468,3096.9850602679485
2144,LOAD,28029984,3567.6081727338837
2145,LOAD,29235190,3420.5353206187474
2146,LOAD,32277828,3098.101892109965
2147,LOAD,33013687,3029.0467102326375
2148,LOAD,31093477,3216.108639120675
2149,LOAD,31674191,3157.144566060109
2150,LOAD,32251947,3100.5880048109966
2151,LOAD,33569283,2978.913788536979
2152,LOAD,30409707,3288.4236602476967
2153,LOAD,33104586,3020.7295146358274
2154,LOAD,31540392,3170.537639481462
2155,LOAD,32824161,3046.5363608227485
2156,LOAD,27616794,3620.985115071648
2157,LOAD,30721148,3255.0866914218177
2158,LOAD,31062670,3219.2982766774394
2159,LOAD,30940862,3231.9720116394947
2160,LOAD,32746543,3053.757460749368
2161,LOAD,33705835,2966.8453548176453
2162,LOAD,31928332,3132.014538059802
2163,LOAD,30606560,3267.273421122792
2164,LOAD,32741556,3054.2225910094194
2165,LOAD,33070831,3023.8127369705344
2166,LOAD,33093346,3021.755491270058
2167,LOAD,30411013,3288.2824389966886
2168,LOAD,35113904,2847.874733609797
2169,LOAD,31710906,3153.489212827915
2170,LOAD,34635506,2887.210598280273
2171,LOAD,33858414,2953.4756117046713
2172,LOAD,35216977,2839.539577743996
2173,LOAD,30167323,3314.84500630036
2174,LOAD,28457710,3513.9861921426564
2175,LOAD,35043651,2853.5839487729177
2176,LOAD,30199967,3311.261896412006
2177,LOAD,32633984,3064.290280953744
2178,LOAD,35477082,2818.721111279671
2179,LOAD,31348981,3189.8963478270634
2180,LOAD,31247146,3200.2922762930093
2181,LOAD,31972429,3127.6948022935635
2182,LOAD,26273841,3806.067030701754
2183,LOAD,30540283,3274.363895056244
2184,LOAD,31252703,3199.723236738915
2185,LOAD,32457960,3080.9083503707566
2186,LOAD,30061015,3326.5676491628774
2187,LOAD,31761848,3148.4314136885237
2188,LOAD,26390661,3789.2192241793414
2189,LOAD,31266175,3198.344536867717
2190,LOAD,31195268,3205.614389977352
2191,LOAD,33122022,3019.139350852433
2192,LOAD,29746111,3361.7839992596005
2193,LOAD,34122976,2930.5767468816316
2194,LOAD,28701377,3484.1533909679665
2195,LOAD,33624876,2973.9886624414617
2196,LOAD,33664905,2970.452463774961
2197,LOAD,32296132,3096.3460268245126
2198,LOAD,32180867,3107.4364777058368
2199,LOAD,31912806,3133.538304340897
2200,LOAD,32176393,3107.8685544398963
2201,LOAD,31508120,3173.7850433475564
2202,LOAD,33663174,2970.605207934344
2203,LOAD,31758830,3148.730605000247
2204,LOAD,33275773,3005.1893910924323
2205,LOAD,31490602,3175.5505976036916
2206,LOAD,34422816,2905.04995291495
2207,LOAD,32172520,3108.2426866157825
2208,LOAD,32540663,3073.07813611542
2209,LOAD,33476758,2987.1470827611206
2210,LOAD,31268053,3198.1524401279476
2211,LOAD,32202024,3105.39486586309
2212,LOAD,32746923,3053.7220245089898
2213,LOAD,31849161,3139.8001347665017
2214,LOAD,33813326,2957.413890606325
2215,LOAD,32715953,3056.6127784814953
2216,LOAD,32398518,3086.560934669913
2217,LOAD,32962475,3033.7527749357414
2218,LOAD,33070367,3023.8551631434875
2219,LOAD,33033680,3027.2134379215395
2220,LOAD,32166419,3108.832226552791
2221,LOAD,32021484,3122.9033607561723
2222,LOAD,32020947,3122.9557326958507
2223,LOAD,30080653,3324.3959165381148
2224,LOAD,31385420,3186.192824566311
2225,LOAD,32147618,3110.650375402619
2226,LOAD,31726381,3151.951052973864
2227,LOAD,33069386,3023.9448655018873
2228,LOAD,31358530,3188.924991063038
2229,LOAD,31750429,3149.5637429024973
2230,LOAD,30786211,3248.2074523558613
2231,LOAD,30848930,3241.603517528809
2232,LOAD,32331579,3092.951321678412
2233,LOAD,29712801,3365.552779759808
2234,LOAD,32486913,3078.162581960311
2235,LOAD,32689496,3059.0866252572387
2236,LOAD,32156202,3109.8199967769824
2237,LOAD,33252712,3007.2735120070806
2238,LOAD,32950037,3034.8979577777104
2239,LOAD,30309607,3299.283953104374
2240,LOAD,30462632,3282.7104368394694
2241,LOAD,33506460,2984.4991085301162
2242,LOAD,31186547,3206.5108073683177
2243,LOAD,32352038,3090.9953802601244
2244,LOAD,25679812,3894.109505163044
2245,LOAD,31423446,3182.3371631488158
2246,LOAD,30988840,3226.9681601505577
2247,LOAD,33448834,2989.640834714896
2248,LOAD,32783712,3050.2952197725504
2249,LOAD,34753064,2877.4441298183087
2250,LOAD,31694881,3155.0836237561516
2251,LOAD,34624931,2888.092397931421
2252,LOAD,33282628,3004.570432358887
2253,LOAD,34125026,2930.4006977166846
2254,LOAD,32153605,3110.0711724237453
2255,LOAD,33063218,3024.5089876006623
2256,LOAD,36102395,2769.899337703219
2257,LOAD,33192500,3012.7287790916625
2258,LOAD,30280996,3302.401281648728
2259,LOAD,31810215,3143.6442664722636
2260,LOAD,33387290,2995.1517478657297
2261,LOAD,31859010,3138.829486540856
2262,LOAD,41571068,2405.519146152319
2263,LOAD,35202961,2840.670135674098
2264,LOAD,28826337,3469.049848407725
2265,LOAD,28565743,3500.6966211241206
2266,LOAD,30236546,3307.256060265614
2267,LOAD,31081678,3217.3295148350744
2268,LOAD,30622607,3265.5612894094875
2269,LOAD,32094435,3115.8049674343856
2270,LOAD,33098974,3021.2416856184122
2271,LOAD,31121862,3213.175355639068
2272,LOAD,33591634,2976.9316967433024
2273,LOAD,33557653,2979.9461839598853
2274,LOAD,31055193,3220.07337065978
2275,LOAD,28998307,3448.477181788578
2276,LOAD,29987101,3334.767172058413
2277,LOAD,33134876,3017.9681372581567
2278,LOAD,28400603,3521.0520001987284
2279,LOAD,28739564,3479.5239064865423
2280,LOAD,31019988,3223.7278750720343
2281,LOAD,33198354,3012.197532443928
2282,LOAD,30547976,3273.539300934373
2283,LOAD,33637547,2972.8683842493033
2284,LOAD,22875054,4371.5743796714105
2285,LOAD,34423530,2904.989697454038
2286,LOAD,34419295,2905.3471316016207
2287,LOAD,33764233,2961.713953342284
2288,LOAD,30238918,3306.996632617609
2289,LOAD,31823683,3142.313854747736
2290,LOAD,30428255,3286.419152199165
2291,LOAD,32683390,3059.6581321582617
2292,LOAD,33854211,2953.8422856760717
2293,LOAD,34622226,2888.3180417111253
2294,LOAD,31951569,3129.73675878014
2295,LOAD,32443278,3082.30259593374
2296,LOAD,31700082,3154.5659724160964
2297,LOAD,31844231,3140.2862264125642
2298,LOAD,33088889,3022.1625150363916
2299,LOAD,31183820,3206.7912141617035
2300,LOAD,34203121,2923.7097982958926
2301,LOAD,33447425,2989.7667757682393
2302,LOAD,32671586,3060.7635637890367
2303,LOAD,32088762,3116.355813290647
2304,LOAD,30878500,3238.4992794339105
2305,LOAD,34148712,2928.3681328888774
2306,LOAD,32467189,3080.0325830486895
2307,LOAD,32471255,3079.6469061636208
2308,LOAD,31344724,3190.329575082556
2309,LOAD,30618721,3265.975740789434
2310,LOAD,31650985,3159.4593343619476
2311,LOAD,32413347,3085.1488431601956
2312,LOAD,32562190,3071.0465113065184
2313,LOAD,31035129,3222.1551262119774
2314,LOAD,29127533,3433.177811522864
2315,LOAD,33299161,3003.0786661561833
2316,LOAD,28984642,3450.1029890243253
2317,LOAD,29826916,3352.6764885783027
2318,LOAD,31239250,3201.1011788055093
2319,LOAD,34185808,2925.190476703081
2320,LOAD,31369606,3187.7990434435164
2321,LOAD,33428089,2991.4961636006174
2322,LOAD,31466166,3178.016667171971
2323,LOAD,33592050,2976.894830770971
2324,LOAD,31481336,3176.4852673342707
2325,LOAD,34444653,2903.208227994052
2326,LOAD,31678657,3156.6994775062594
2327,LOAD,34144827,2928.701322750881
2328,LOAD,32207885,3104.829764512634
2329,LOAD,33789583,2959.4919830765593
2330,LOAD,33536274,2981.8458663595125
2331,LOAD,34224764,2921.8609074996107
2332,LOAD,32117494,3113.567951472179
2333,LOAD,36200665,2762.3801938445054
2334,LOAD,32091027,3116.1358594101707
2335,LOAD,33326477,3000.617196951241
2336,LOAD,33781797,2960.174084285688
2337,LOAD,34582161,2891.6642889957047
2338,LOAD,28477433,3511.55246331367
2339,LOAD,34102370,2932.347517196019
2340,LOAD,32593079,3068.1360297380925
2341,LOAD,34970419,2859.559675278698
2342,LOAD,33576169,2978.302855218533
2343,LOAD,33832597,2955.729351784612
2344,LOAD,34071524,2935.002261712743
2345,LOAD,32900280,3039.4878098301897
2346,LOAD,33181026,3013.7705808132637
2347,LOAD,32843680,3044.725804172979
2348,LOAD,32616137,3065.967008907278
2349,LOAD,32102450,3115.027046222329
2350,LOAD,33083477,3022.6568990919545
2351,LOAD,27279173,3665.8002792093444
2352,LOAD,32507418,3076.2209413248383
2353,LOAD,28758573,3477.22399160765
2354,LOAD,32068012,3118.3722894952143
2355,LOAD,34622017,2888.3354773928972
2356,LOAD,34346236,2911.5271903448165
2357,LOAD,31611539,3163.401819822818
2358,LOAD,31502328,3174.3685736495413
2359,LOAD,30901949,3236.0418431860076
2360,LOAD,31627317,3161.82368551844
2361,LOAD,34617039,2888.750825857752
2362,LOAD,33516118,2983.6390956733117
2363,LOAD,33964206,2944.2761005512684
2364,LOAD,32685738,3059.4383397431625
2365,LOAD,30707765,3256.5053171404693
2366,LOAD,30884696,3237.8495809057017
2367,LOAD,33441166,2990.3263540511716
2368,LOAD,35129016,2846.6496186514305
2369,LOAD,29653693,3372.261255958912
2370,LOAD,32418641,3084.6450349353017
2371,LOAD,36008977,2777.0852807065307
2372,LOAD,31054422,3220.153316651651
2373,LOAD,31125504,3212.7993814975657
2374,LOAD,32707901,3057.3652525119237
2375,LOAD,31776719,3146.957997771891
2376,LOAD,32367534,3089.5155621061526
2377,LOAD,31865060,3138.2335385528854
2378,LOAD,33055281,3025.2352112813683
2379,LOAD,30980028,3227.886043227592
2380,LOAD,30457665,3283.245777376565
2381,LOAD,34265200,2918.4128503554625
2382,LOAD,34197974,2924.149834139297
2383,LOAD,32916679,3037.973545265608
2384,LOAD,33899600,2949.887314304594
2385,LOAD,29727703,3363.865684476194
2386,LOAD,32561710,3071.0917823418977
2387,LOAD,33328265,3000.456219368155
2388,LOAD,33567073,2979.1099152434294
2389,LOAD,27289381,3664.4290319373677
2390,LOAD,26622875,3756.1683326838292
2391,LOAD,30463274,3282.6412551717194
2392,LOAD,37357281,2676.8543460108885
2393,LOAD,34260074,2918.8495039444456
2394,LOAD,34181635,2925.5475930276593
2395,LOAD,33001515,3030.1639182322388
2396,LOAD,34957829,2860.589540614779
2397,LOAD,34905170,2864.9051129102077
2398,LOAD,31105753,3214.839389999657
2399,LOAD,31237527,3201.277745194106
2400,LOAD,34314973,2914.179766366128
2401,LOAD,31468319,3177.7992335720255
2402,LOAD,34087048,2933.665596387226
2403,LOAD,27542446,3630.7595919403816
2404,LOAD,30791395,3247.660588290982
2405,LOAD,29609757,3377.265135948262
2406,LOAD,30590859,3268.9503750123527
2407,LOAD,26869356,3721.711826662314
2408,LOAD,29542372,3384.9685461952754
2409,LOAD,34673789,2884.0228565733037
2410,LOAD,32712439,3056.941122610882
2411,LOAD,29522005,3387.3038094804197
2412,LOAD,27990088,3572.693304858491
2413,LOAD,30089759,3323.389861646948
2414,LOAD,28731031,3480.557311013308
2415,LOAD,30873687,3239.0041396740207
2416,LOAD,33429005,2991.4141925552376
2417,LOAD,35058468,2852.377919080777
2418,LOAD,34725066,2879.764145012712
2419,LOAD,32880728,3041.2951927341755
2420,LOAD,34799514,2873.6033497479307
2421,LOAD,35307716,2832.2421082122673
2422,LOAD,32531965,3073.899778264239
2423,LOAD,35509781,2816.1255063780877
2424,LOAD,35988113,2778.6952875245224
2425,LOAD,31612739,3163.281739048299
2426,LOAD,33021524,3028.3278264201253
2427,LOAD,33715272,2966.0149264107968
2428,LOAD,43744818,2285.9850508464797
2429,LOAD,36573679,2734.2067501604092
2430,LOAD,34547114,2894.597794768038
2431,LOAD,32323720,3093.703323751103
2432,LOAD,36294379,2755.2475825526594
2433,LOAD,32036593,3121.4305466252295
2434,LOAD,34888212,2866.297648042267
2435,LOAD,34826116,2871.408341946601
2436,LOAD,32033192,3121.7619524148577
2437,LOAD,33585931,2977.4371893993352
2438,LOAD,33728544,2964.847815547567
2439,LOAD,33780047,2960.3274382655536
2440,LOAD,33047039,3025.989711211343
2441,LOAD,29841740,3351.011033538929
2442,LOAD,42340760,2361.7903882688925
2443,LOAD,34391913,2907.660297931086
2444,LOAD,32023275,3122.728702795076
2445,LOAD,31328997,3191.9311045929753
2446,LOAD,33274900,3005.2682352163342
2447,LOAD,30340164,3295.9610897291127
2448,LOAD,34852646,2869.2226122515917
2449,LOAD,32212002,3104.43293776028
2450,LOAD,29150623,3430.4584159316255
2451,LOAD,29394471,3402.000328565192
2452,LOAD,32397181,3086.6883140233717
2453,LOAD,33460246,2988.6211834784476
2454,LOAD,28307432,3532.641180591726
2455,LOAD,32464394,3080.29775636656
2456,LOAD,31136885,3211.6250549790066
2457,LOAD,32797616,3049.002098201284
2458,LOAD,32259140,3099.8966494457077
2459,LOAD,32682814,3059.7120553940063
2460,LOAD,29793955,3356.3855486792536
2461,LOAD,33841784,2954.9269624792832
2462,LOAD,32744639,3053.935027349057
2463,LOAD,33489540,2986.0069741178886
2464,LOAD,32549336,3072.2592927855735
2465,LOAD,34238972,2920.6484353560613
2466,LOAD,35483364,2818.222082889323
2467,LOAD,36355531,2750.613104784524
2468,LOAD,31286157,3196.301802103723
2469,LOAD,32842220,3044.8611573760845
2470,LOAD,31694290,3155.1424562594716
2471,LOAD,28828962,3468.7339766169866
2472,LOAD,30553522,3272.9450961496354
2473,LOAD,32263320,3099.4950302696684
2474,LOAD,35174757,2842.9478560434686
2475,LOAD,37561845,2662.276041019817
2476,LOAD,32968481,3033.200104063029
2477,LOAD,28015108,3569.50256982768
2478,LOAD,32195080,3106.0646533569725
2479,LOAD,34770945,2875.964400737455
2480,LOAD,31946247,3130.2581489462596
2481,LOAD,33728220,2964.8762964662824
2482,LOAD,31301126,3194.77324873233
2483,LOAD,34218428,2922.401929159341
2484,LOAD,35189343,2841.769452757331
2485,LOAD,31743511,3150.2501408870617
2486,LOAD,36272807,2756.8861709544562
2487,LOAD,34771269,2875.937602392366
2488,LOAD,28627787,3493.109683958456
2489,LOAD,28136818,3554.0621544340943
2490,LOAD,31436322,3181.0337099868107
2491,LOAD,33883908,2951.253438652944
2492,LOAD,32683073,3059.6878084260925
2493,LOAD,33232597,3009.0937521373967
2494,LOAD,29949484,3338.9556895203937
2495,LOAD,32431418,3083.429777877736
2496,LOAD,28038347,3566.5440619591445
2497,LOAD,30354746,3294.3777556234536
2498,LOAD,33015712,3028.860925367898
2499,LOAD,28797403,3472.535353274738
2500,LOAD,27919594,3581.713974780579
2501,LOAD,29060898,3441.049894604083
2502,LOAD,30631796,3264.581678462471
2503,LOAD,32272916,3098.5734291874955
2504,LOAD,31574683,3167.0943458086344
2505,LOAD,34362983,2910.108240602977
2506,LOAD,30597454,3268.245782802713
2507,LOAD,34287709,2916.4969873023597
2508,LOAD,31325393,3192.298337645756
2509,LOAD,33695702,2967.7375470616403
2510,LOAD,31902224,3134.5777021689773
2511,LOAD,33583556,2977.647751179178
2512,LOAD,33149219,3016.6623231756985
2513,LOAD,33591689,2976.926822584003
2514,LOAD,32104050,3114.871799663905
2515,LOAD,31603084,3164.2481474276374
2516,LOAD,36528549,2737.584786080608
2517,LOAD,29144171,3431.217858281164
2518,LOAD,35342424,2829.460707052804
2519,LOAD,36152385,2766.0692372024696
2520,LOAD,32362122,3090.0322296541617
2521,LOAD,32825875,3046.377286210954
2522,LOAD,34983182,2858.5164151162694
2523,LOAD,29320797,3410.5484922527853
2524,LOAD,25030908,3995.0608263991057
2525,LOAD,27224345,3673.1829544475727
2526,LOAD,35508627,2816.21702804786
2527,LOAD,36063815,2772.862493887571
2528,LOAD,33635068,2973.087493089058
2529,LOAD,31329656,3191.863964289937
2530,LOAD,32064548,3118.7091737578835
2531,LOAD,34288751,2916.408357948063
2532,LOAD,34848341,2869.5770625063615
2533,LOAD,32271698,3098.6903756969964
2534,LOAD,33581067,2977.868451886892
2535,LOAD,27809526,3595.890127720983
2536,LOAD,36247124,2758.8395702787343
2537,LOAD,35442813,2821.446480560107
2538,LOAD,30933522,3232.738903769186
2539,LOAD,35481512,2818.3691833651283
2540,LOAD,31217250,3203.357118259936
2541,LOAD,33349593,2998.5373434692287
2542,LOAD,32053748,3119.7599731550895
2543,LOAD,28607467,3495.5908539543193
2544,LOAD,31735014,3151.093615399067
2545,LOAD,35818246,2791.8731698922384
2546,LOAD,33543214,2981.228930537187
2547,LOAD,23631142,4231.7040793034885
2548,LOAD,30157246,3315.952656950174
2549,LOAD,34254444,2919.3292409008304
2550,LOAD,32852707,3043.889199145751
2551,LOAD,33714777,2966.0584734106355
2552,LOAD,29062752,3440.8303797245353
2553,LOAD,31027631,3222.933777960683
2554,LOAD,26321761,3799.1379072243685
2555,LOAD,31313599,3193.5006895885713
2556,LOAD,26023297,3842.7106296331326
2557,LOAD,25050335,3991.962582536321
2558,LOAD,24791649,4033.6163197534784
2559,LOAD,22307525,4482.792241631467
2560,LOAD,32731707,3055.1416093270054
2561,LOAD,28567425,3500.490506232186
2562,LOAD,32153311,3110.0996099592976
2563,LOAD,33961169,2944.539394388927
2564,LOAD,33426329,2991.653675161278
2565,LOAD,31313635,3193.4970181519966
2566,LOAD,30781527,3248.7017294496145
2567,LOAD,33756725,2962.3726827765427
2568,LOAD,31607290,3163.8270791326936
2569,LOAD,32576818,3069.6675163301707
2570,LOAD,30873806,3238.991655256239
2571,LOAD,29494238,3390.492746413723
2572,LOAD,29994207,3333.977124316039
2573,LOAD,27842242,3591.664780444046
2574,LOAD,33642644,2972.4179823678546
2575,LOAD,33778486,2960.464243424054
2576,LOAD,33199745,3012.071327656282
2577,LOAD,27922831,3581.2987587111065
2578,LOAD,31094516,3216.001175255469
2579,LOAD,31719778,3152.6071840729783
2580,LOAD,33669939,2970.00835077248
2581,LOAD,31643499,3160.2067773857752
2582,LOAD,34240770,2920.4950706423947
2583,LOAD,33212501,3010.914474643147
2584,LOAD,33052211,3025.5162052547707
2585,LOAD,30164409,3315.1652333052502
2586,LOAD,28744323,3478.947825628038
2587,LOAD,29294350,3413.6275425124636
2588,LOAD,39571218,2527.0892596735334
2589,LOAD,34509113,2897.7852893524096
2590,LOAD,33559607,2979.7726773141294
2591,LOAD,34918080,2863.8458930158818
2592,LOAD,35128930,2846.6565876045756
2593,LOAD,35457114,2820.3085000093356
2594,LOAD,33318165,3001.3657714943183
2595,LOAD,33849420,2954.260368419902
2596,LOAD,36816797,2716.1515435468223
2597,LOAD,33211045,3011.046475652904
2598,LOAD,33219715,3010.260623849422
2599,LOAD,33214559,3010.7279160322432
2600,LOAD,33204659,3011.6255673639052
2601,LOAD,32419175,3084.5942254853803
2602,LOAD,33235695,3008.8132653762773
2603,LOAD,29131537,3432.7059365250793
2604,LOAD,33229627,3009.3626991359247
2605,LOAD,29873201,3347.4819119651756
2606,LOAD,34608695,2889.447290630288
2607,LOAD,27463638,3641.1782007904417
2608,LOAD,27322615,3659.971785277507
2609,LOAD,33717661,2965.8047751295676
2610,LOAD,34119679,2930.859929836972
2611,LOAD,34315147,2914.164989589
2612,LOAD,31642598,3160.2967619788997
2613,LOAD,28623333,3493.653237378051
2614,LOAD,30945962,3231.439371637566
2615,LOAD,32652222,3062.5787121011244
2616,LOAD,31922342,3132.60223826936
2617,LOAD,35170814,2843.266578931042
2618,LOAD,31473303,3177.2960086203857
2619,LOAD,35222229,2839.1161729145538
2620,LOAD,34897909,2865.5011966476272
2621,LOAD,32997148,3030.564944582483
2622,LOAD,32488364,3078.025104618995
2623,LOAD,32690520,3058.990802226456
2624,LOAD,33517979,2983.473436748677
2625,LOAD,32786596,3050.0269073373765
2626,LOAD,33615433,2974.824093445412
2627,LOAD,36103101,2769.8451720255275
2628,LOAD,27965582,3575.8240254037983
2629,LOAD,31361310,3188.6423111789654
2630,LOAD,29273465,3416.0629771706217
2631,LOAD,34666392,2884.638239826054
2632,LOAD,34776134,2875.535273702362
2633,LOAD,28221313,3543.4212433702146
2634,LOAD,34240564,2920.5126410885055
2635,LOAD,31421464,3182.5378982978004
2636,LOAD,35264054,2835.748833642326
2637,LOAD,33050017,3025.7170518248145
2638,LOAD,32939611,3035.8585594711485
2639,LOAD,30294979,3300.877019918053
2640,LOAD,34612812,2889.1036070689665
2641,LOAD,32575235,3069.8166874314184
2642,LOAD,28649666,3490.442087527303
2643,LOAD,34660457,2885.132183917829
2644,LOAD,34318551,2913.8759384101036
2645,LOAD,31235108,3201.525667847859
2646,LOAD,38944916,2567.7292512326894
2647,LOAD,29271641,3416.2758418634608
2648,LOAD,31156994,3209.5522437113154
2649,LOAD,32572379,3070.0858540298823
2650,LOAD,28659477,3489.247204336632
2651,LOAD,28877339,3462.9229514533868
2652,LOAD,26241936,3810.6944548603424
2653,LOAD,30389238,3290.6386135776092
2654,LOAD,29752862,3361.0212019267256
2655,LOAD,33669264,2970.067893375988
2656,LOAD,33547878,2980.8144646287315
2657,LOAD,29571817,3381.5980938878392
2658,LOAD,26956942,3709.619585188854
2659,LOAD,30828853,3243.7145812722906
2660,LOAD,30899901,3236.256323280777
2661,LOAD,33915635,2948.4926347391106
2662,LOAD,36154967,2765.8716989010113
2663,LOAD,32957606,3034.20096714549
2664,LOAD,32542103,3072.9421512801428
2665,LOAD,34784818,2874.8173987858727
2666,LOAD,33883167,2951.31798040012
2667,LOAD,34363980,2910.0238098148116
2668,LOAD,31398510,3184.864504716944
2669,LOAD,32602295,3067.268730621571
2670,LOAD,31502259,3174.3755265297004
2671,LOAD,30200278,3311.2277973070313
2672,LOAD,31935726,3131.289390446298
2673,LOAD,35575491,2810.923958856956
2674,LOAD,33553235,2980.3385575191187
2675,LOAD,33639746,2972.6740505115586
2676,LOAD,37034943,2700.152663931466
2677,LOAD,34395310,2907.3731273246267
2678,LOAD,31414160,3183.27785941117
2679,LOAD,32703323,3057.7932401548305
2680,LOAD,33473870,2987.404802611709
2681,LOAD,36769351,2719.656379031547
2682,LOAD,36732523,2722.383104476651
2683,LOAD,34654683,2885.61289104852
2684,LOAD,32580117,3069.356687700047
2685,LOAD,34495270,2898.9481746337974
2686,LOAD,36236399,2759.6561126286306
2687,LOAD,36059545,2773.1908430902276
2688,LOAD,34157071,2927.651495644928
2689,LOAD,32123651,3112.971187490488
2690,LOAD,33471418,2987.623649526889
2691,LOAD,32685319,3059.4775593287004
2692,LOAD,30448498,3284.2342502411775
2693,LOAD,24906757,4014.9747315557784
2694,LOAD,30298484,3300.495166688868
2695,LOAD,32837572,3045.292142793018
2696,LOAD,29524561,3387.010563848858
2697,LOAD,34212614,2922.898554316838
2698,LOAD,34800033,2873.5604934627504
2699,LOAD,29860327,3348.925147403778
2700,LOAD,30822799,3244.3516891506188
2701,LOAD,33300471,3002.960528696426
2702,LOAD,27758813,3602.459514389178
2703,LOAD,34343807,2911.733111008922
2704,LOAD,33149776,3016.611635626135
2705,LOAD,34022432,2939.2372655781924
2706,LOAD,26569355,3763.7345731576847
2707,LOAD,32738614,3054.4970535405073
2708,LOAD,32824458,3046.508795362288
2709,LOAD,33477334,2987.0956868907183
2710,LOAD,31315099,3193.347720216372
2711,LOAD,31025507,3223.154419362107
2712,LOAD,34748831,2877.79465156684
2713,LOAD,33072813,3023.6315247813964
2714,LOAD,34976893,2859.0303890056784
2715,LOAD,34804781,2873.1684879729596
2716,LOAD,35445335,2821.245729515605
2717,LOAD,30284365,3302.033904293519
2718,LOAD,28728846,3480.822028145509
2719,LOAD,27831090,3593.1039711344397
2720,LOAD,31892104,3135.5723661254838
2721,LOAD,33021156,3028.3615752277115
2722,LOAD,33301693,3002.8503355670236
2723,LOAD,30940867,3231.971489357425
2724,LOAD,35175870,2842.8579023063257
2725,LOAD,35644175,2805.5074917570682
2726,LOAD,33639205,2972.7218583197787
2727,LOAD,35643434,2805.5658161332044
2728,LOAD,33263497,3006.2984658528235
2729,LOAD,29265616,3416.9791608008527
2730,LOAD,33959716,2944.6653794160115
2731,LOAD,36136475,2767.2870693668933
2732,LOAD,36132224,2767.612644048703
2733,LOAD,30956158,3230.3750355583534
2734,LOAD,32736579,3054.6869298713223
2735,LOAD,32298286,3096.139528890171
2736,LOAD,29109076,3435.3546639542938
2737,LOAD,33796876,2958.853356742203
2738,LOAD,34349816,2911.223745710894
2739,LOAD,34582233,2891.65826856814
2740,LOAD,34839045,2870.342743321466
2741,LOAD,35616048,2807.723080337268
2742,LOAD,32735234,3054.812438487533
2743,LOAD,32654424,3062.372191896571
2744,LOAD,33383326,2995.5073979147555
2745,LOAD,34830976,2871.007691544446
2746,LOAD,34351476,2911.0830637961526
2747,LOAD,34074777,2934.722067293353
2748,LOAD,28773119,3475.4661112686463
2749,LOAD,29246304,3419.235469890486
2750,LOAD,30007629,3332.4858821734965
2751,LOAD,29519783,3387.5587771088967
2752,LOAD,28748137,3478.4862754758683
2753,LOAD,31654497,3159.108798980442
2754,LOAD,36776488,2719.1285910715565
2755,LOAD,30487920,3279.9876147667665
2756,LOAD,34638846,2886.932203226401
2757,LOAD,32779298,3050.705966918511
2758,LOAD,34396075,2907.3084647012774
2759,LOAD,35218719,2839.3991274923997
2760,LOAD,26670086,3749.5192178982848
2761,LOAD,30233519,3307.5871849386767
2762,LOAD,30072070,3325.344746803263
2763,LOAD,32750867,3053.3542821935066
2764,LOAD,29185490,3426.3601536242836
2765,LOAD,30521836,3276.342877931721
2766,LOAD,32733512,3054.973141898126
2767,LOAD,34225079,2921.8340153429594
2768,LOAD,34610653,2889.2838283056954
2769,LOAD,32659206,3061.9237956979114
2770,LOAD,30392103,3290.3284119562245
2771,LOAD,30420223,3287.2868814932754
2772,LOAD,33603403,2975.889078853115
2773,LOAD,35529767,2814.541395669721
2774,LOAD,29496789,3390.1995230735115
2775,LOAD,31721697,3152.4164675048755
2776,LOAD,32943668,3035.4846946612015
2777,LOAD,32289393,3096.992253772005
2778,LOAD,30020232,3331.086848362798
2779,LOAD,28625688,3493.3658188407558
2780,LOAD,27474955,3639.6783907380373
2781,LOAD,27082177,3692.4653435357136
2782,LOAD,27676815,3613.1325082022627
2783,LOAD,27065063,3694.800193149375
2784,LOAD,27203096,3676.052167003344
2785,LOAD,27384596,3651.687978161153
2786,LOAD,28605915,3495.780505535306
2787,LOAD,27040323,3698.180676318105
2788,LOAD,27965786,3575.797941098455
2789,LOAD,28580345,3498.9080782614765
2790,LOAD,29014485,3446.5543675857075
2791,LOAD,32876799,3041.658648094056
2792,LOAD,26555640,3765.6784020268387
2793,LOAD,29957460,3338.0667119308514
2794,LOAD,31298322,3195.0594667663013
2795,LOAD,26746705,3738.7782906343045
2796,LOAD,23742206,4211.908531161763
2797,LOAD,27908000,3583.20194926186
2798,LOAD,27682273,3612.420121714716
2799,LOAD,32500118,3076.911905366005
2800,LOAD,32937049,3036.094702958969
2801,LOAD,30832141,3243.368665186112
2802,LOAD,34346978,2911.4642924335294
2803,LOAD,30058611,3326.8336983368927
2804,LOAD,32610093,3066.5352594977267
2805,LOAD,30723601,3254.826802366038
2806,LOAD,32050859,3120.04118204757
2807,LOAD,34094829,2932.996085711414
2808,LOAD,33413386,2992.8125213050844
2809,LOAD,33724330,2965.218286026735
2810,LOAD,33418120,2992.38856045762
2811,LOAD,32901635,3039.3626334983046
2812,LOAD,32084889,3116.7319918108487
2813,LOAD,32501227,3076.806915628139
2814,LOAD,32571796,3070.1408052537236
2815,LOAD,33644399,2972.262931491212
2816,LOAD,29793931,3356.38825235918
2817,LOAD,31340131,3190.7971284485056
2818,LOAD,34507283,2897.938965522148
2819,LOAD,32099978,3115.2669325816983
2820,LOAD,31477216,3176.901032162438
2821,LOAD,31236382,3201.39509114724
2822,LOAD,28012328,3569.8568144711144
2823,LOAD,33453946,2989.183996411066
2824,LOAD,31706195,3153.957767559305
2825,LOAD,31849308,3139.785643066405
2826,LOAD,33029041,3027.638616573821
2827,LOAD,33522627,2983.0597703455637
2828,LOAD,31868909,3137.8545151953585
2829,LOAD,32763838,3052.1454781945877
2830,LOAD,30183634,3313.053689956617
2831,LOAD,33654296,2971.3888532982537
2832,LOAD,33826081,2956.2987210963047
2833,LOAD,33049930,3025.72501666418
2834,LOAD,31636397,3160.91620673492
2835,LOAD,32916581,3037.982589990133
2836,LOAD,30072101,3325.341318852314
2837,LOAD,32386915,3087.66673207374
2838,LOAD,34546771,2894.626533982004
2839,LOAD,33213417,3010.831435982633
2840,LOAD,31533343,3171.246385135886
2841,LOAD,32098982,3115.3635962660746
2842,LOAD,31136927,3211.6207228799426
2843,LOAD,32977234,3032.3950153005553
2844,LOAD,39469654,2533.592009699401
2845,LOAD,32088337,3116.397088449925
2846,LOAD,33266614,3006.0167830726623
2847,LOAD,31728959,3151.6949547572613
2848,LOAD,34145540,2928.640167939942
2849,LOAD,32273693,3098.498829991349
2850,LOAD,34320821,2913.683212881184
2851,LOAD,32839259,3045.1357017525884
2852,LOAD,32255951,3100.2031222083638
2853,LOAD,33843279,2954.7964309250297
2854,LOAD,34912241,2864.324865310136
2855,LOAD,32492833,3077.601759132545
2856,LOAD,33663872,2970.5436142342746
2857,LOAD,29208940,3423.6093470012947
2858,LOAD,31679757,3156.5898690447657
2859,LOAD,34324709,2913.353176570266
2860,LOAD,33698959,2967.4507156140935
2861,LOAD,31158403,3209.407106006043
2862,LOAD,32363458,3089.9046696431515
2863,LOAD,31357013,3189.0792659364593
2864,LOAD,30041886,3328.6858221883936
2865,LOAD,32352214,3090.978564867307
2866,LOAD,32288364,3097.090952022221
2867,LOAD,33470540,2987.702020941401
2868,LOAD,32320618,3094.0002446735393
2869,LOAD,34423898,2904.958642394304
2870,LOAD,33735340,2964.250545570313
2871,LOAD,29571891,3381.58963185682
2872,LOAD,27493762,3637.1886830183516
2873,LOAD,29756720,3360.585440868483
2874,LOAD,31717171,3152.8663133291425
2875,LOAD,30567501,3271.448326770317
2876,LOAD,32837596,3045.289917081628
2877,LOAD,31992916,3125.6919500554436
2878,LOAD,29619756,3376.1250430287137
2879,LOAD,32663854,3061.488090168417
2880,LOAD,34483822,2899.9105725577633
2881,LOAD,33511525,2984.0480252689185
2882,LOAD,34263476,2918.55969312629
2883,LOAD,30149530,3316.8012901030297
2884,LOAD,29410896,3400.1004253661636
2885,LOAD,32049382,3120.184969557291
2886,LOAD,34391918,2907.659875206727
2887,LOAD,34473832,2900.7509231929885
2888,LOAD,33584617,2977.5536817942575
2889,LOAD,28823782,3469.3573522031215
2890,LOAD,27650792,3616.532936922747
2891,LOAD,29460720,3394.3501720256663
2892,LOAD,33412082,2992.9293241887767
2893,LOAD,28200287,3546.0632014135176
2894,LOAD,31225833,3202.476616076183
2895,LOAD,34464933,2901.49991006801
2896,LOAD,32880224,3041.3418108100477
2897,LOAD,31667323,3157.8292866751003
2898,LOAD,29868149,3348.048116406544
2899,LOAD,28929363,3456.6955380248087
2900,LOAD,31463568,3178.2790813807255
2901,LOAD,32515200,3075.484696388151
2902,LOAD,33875402,2951.99448850821
2903,LOAD,30507861,3277.843700677671
2904,LOAD,23986259,4169.053623576731
2905,LOAD,29635479,3374.3338516647564
2906,LOAD,30721101,3255.0916713564397
2907,LOAD,32966721,3033.362038038299
2908,LOAD,29327592,3409.7582917820187
2909,LOAD,31960208,3128.8907756795575
2910,LOAD,30514049,3277.178980737692
2911,LOAD,29943894,3339.5790140053264
2912,LOAD,32058018,3119.344433582887
2913,LOAD,32072028,3117.9818126873674
2914,LOAD,32055637,3119.5761294651547
2915,LOAD,33273855,3005.3626187888362
2916,LOAD,33141502,3017.364753112276
2917,LOAD,29888146,3345.8080671848966
2918,LOAD,29112648,3434.93316032262
2919,LOAD,32389880,3087.38408416456
2920,LOAD,30428071,3286.4390253328907
2921,LOAD,32555878,3071.6419320652326
2922,LOAD,32032974,3121.783197526399
2923,LOAD,30802421,3246.4980593570876
2924,LOAD,32735029,3054.8315689593555
2925,LOAD,31923395,3132.498908715693
2926,LOAD,33403217,2993.7236284756646
2927,LOAD,32709097,3057.2534607115567
2928,LOAD,33662508,2970.663980235816
2929,LOAD,32664110,3061.464096220592
2930,LOAD,35174737,2842.94947251489
2931,LOAD,36156109,2765.7843381321813
2932,LOAD,33490195,2985.9485739034963
2933,LOAD,28543806,3503.3870395559725
2934,LOAD,28758692,3477.209603274029
2935,LOAD,32253572,3100.4317909346596
2936,LOAD,34328628,2913.0205844521374
2937,LOAD,33798714,2958.692452026429
2938,LOAD,34328191,2913.057667384803
2939,LOAD,33401750,2993.855112381836
2940,LOAD,32860911,3043.129266866643
2941,LOAD,27930480,3580.317989522557
2942,LOAD,29516334,3387.954615231011
2943,LOAD,31045511,3221.0775979818786
2944,LOAD,33769059,2961.2906892075375
2945,LOAD,32658765,3061.9651416702377
2946,LOAD,34823343,2871.6369936108663
2947,LOAD,32817305,3047.17282543463
2948,LOAD,29579984,3380.664438493273
2949,LOAD,32075081,3117.6850340611763
2950,LOAD,33413932,2992.763617283952
2951,LOAD,30501574,3278.519331494171
2952,LOAD,33388044,2995.0841085509533
2953,LOAD,29713242,3365.5028286714723
2954,LOAD,32919594,3037.7045354812094
2955,LOAD,29629017,3375.069783786617
2956,LOAD,33169283,3014.837553166283
2957,LOAD,30824503,3244.1723391290366
2958,LOAD,28002317,3571.133060167843
2959,LOAD,28970916,3451.737597803259
2960,LOAD,32652436,3062.558640341566
2961,LOAD,32289407,3096.9909109820446
2962,LOAD,34485661,2899.7559304430906
2963,LOAD,30169313,3314.6263555951705
2964,LOAD,32495416,3077.357126309754
2965,LOAD,33044671,3026.206555362588
2966,LOAD,32124055,3112.9320380008066
2967,LOAD,32184095,3107.1248080767846
2968,LOAD,32737985,3054.5557400676917
2969,LOAD,31966506,3128.274325633211
2970,LOAD,32029309,3122.1404120831953
2971,LOAD,33678865,2969.2212014864513
2972,LOAD,34083510,2933.970122208658
2973,LOAD,30476743,3281.1905130413707
2974,LOAD,33155534,3016.0877517460585
2975,LOAD,32054398,3119.69671057307
2976,LOAD,33747045,2963.2224095472657
2977,LOAD,29174644,3427.633941308761
2978,LOAD,31725757,3152.013047316728
2979,LOAD,35290633,2833.6131006774517
2980,LOAD,33537506,2981.7363282767656
2981,LOAD,32269592,3098.892604529986
2982,LOAD,34202590,2923.755189299992
2983,LOAD,34103911,2932.215017802504
2984,LOAD,32041592,3120.9435536161873
2985,LOAD,33551079,2980.530074755569
2986,LOAD,32787715,3049.922814078383
2987,LOAD,33764549,2961.6862348731506
2988,LOAD,35258089,2836.228588565875
2989,LOAD,35493066,2817.4517242325587
2990,LOAD,33929113,2947.32137559859
2991,LOAD,33161176,3015.574598440055
2992,LOAD,28881798,3462.3883180680095
2993,LOAD,28254108,3539.308337038989
2994,LOAD,29833611,3351.9241100247636
2995,LOAD,32577015,3069.648953410863
2996,LOAD,31125795,3212.7693445259792
2997,LOAD,31641690,3160.3874508599256
2998,LOAD,35039857,2853.8929254191876
2999,LOAD,31335158,3191.3035191971903
3000,LOAD,30184516,3312.9568816011497
3001,LOAD,33635722,2973.029685523028
3002,LOAD,28077009,3561.6329360438644
3003,LOAD,34854228,2869.092380987466
3004,LOAD,33038783,3026.745870149031
3005,LOAD,35716731,2799.808302725129
3006,LOAD,33634788,2973.1122431929703
3007,LOAD,33584520,2977.5622816702457
3008,LOAD,34203496,2923.6777433511475
3009,LOAD,35531499,2814.40419949634
3010,LOAD,36459541,2742.766289899261
3011,LOAD,34321611,2913.6161469809795
3012,LOAD,34252263,2919.515128095332
3013,LOAD,30814827,3245.191024437684
3014,LOAD,34340643,2912.0013856467394
3015,LOAD,34177075,2925.937927689833
3016,LOAD,33122590,3019.0875773905364
3017,LOAD,34884942,2866.5663253790135
3018,LOAD,35560071,2812.142866643883
3019,LOAD,35823335,2791.476561297266
3020,LOAD,34182370,2925.4846869892285
3021,LOAD,35291535,2833.5406776724217
3022,LOAD,33812924,2957.4490511379613
3023,LOAD,32990430,3031.1820731042303
3024,LOAD,34086512,2933.711727383547
3025,LOAD,29323612,3410.2210873612703
3026,LOAD,33685777,2968.61194562916
3027,LOAD,31916506,3133.1750411526878
3028,LOAD,33740454,2963.801257683136
3029,LOAD,33486322,2986.2939262185914
3030,LOAD,35899141,2785.5819725602905
3031,LOAD,35967612,2780.279102210066
3032,LOAD,33883810,2951.261974376553
3033,LOAD,33292470,3003.6822140261747
3034,LOAD,38091149,2625.2817944662156
3035,LOAD,35690066,2801.900114166222
3036,LOAD,33316441,3001.521080838136
3037,LOAD,33255182,3007.0501493571737
3038,LOAD,35766729,2795.8944750021733
3039,LOAD,35485307,2818.0677709791266
3040,LOAD,32624053,3065.223073295032
3041,LOAD,32816757,3047.2237095213277
3042,LOAD,31732541,3151.3391883744825
3043,LOAD,31935822,3131.2799777002765
3044,LOAD,33521849,2983.1290034150566
3045,LOAD,35391060,2825.5723338040734
3046,LOAD,31834919,3141.204788364626
3047,LOAD,33385119,2995.3465195076883
3048,LOAD,35665345,2803.842217143841
3049,LOAD,35528088,2814.6744063457622
3050,LOAD,35614890,2807.8143720224884
3051,LOAD,34131739,2929.8243491197445
3052,LOAD,34925811,2863.2119666455274
3053,LOAD,35436912,2821.9163114438416
3054,LOAD,35526075,2814.8338931334238
3055,LOAD,33993687,2941.722679272772
3056,LOAD,33405401,2993.5279028681616
3057,LOAD,36547126,2736.1932645538254
3058,LOAD,33586864,2977.3544800133764
3059,LOAD,34621275,2888.3973799347364
3060,LOAD,32980021,3032.138760615101
3061,LOAD,34015940,2939.798224009097
3062,LOAD,35317727,2831.439293927381
3063,LOAD,36966763,2705.132716110415
3064,LOAD,30174128,3314.097428101319
3065,LOAD,33417778,2992.4191847824236
3066,LOAD,37602536,2659.3951003730176
3067,LOAD,36497174,2739.938166171441
3068,LOAD,37751993,2648.8667763844946
3069,LOAD,37356935,2676.8791390407164
3070,LOAD,38070754,2626.688192201289
3071,LOAD,36924354,2708.2396620940203
3072,LOAD,37471355,2668.7052016133393
3073,LOAD,37645293,2656.374596420328
3074,LOAD,38149221,2621.285504099809
3075,LOAD,32681367,3059.847527185751
3076,LOAD,32710875,3057.087283663308
3077,LOAD,35104572,2848.6317964509008
3078,LOAD,36795690,2717.7096013147193
3079,LOAD,32990738,3031.1537741289694
3080,LOAD,35317571,2831.4518005782447
3081,LOAD,35459637,2820.1078313351036
3082,LOAD,35073473,2851.1576255935647
3083,LOAD,33502364,2984.863993478192
3084,LOAD,31777125,3146.9177907063654
3085,LOAD,32713373,3056.8538438393375
3086,LOAD,30881664,3238.167476985696
3087,LOAD,33133398,3018.1027614493387
3088,LOAD,36087641,2771.031777887615
3089,LOAD,37274906,2682.7700115461057
3090,LOAD,37730784,2650.3557413490266
3091,LOAD,36278471,2756.455750298848
3092,LOAD,36233265,2759.8948093692356
3093,LOAD,32511582,3075.826946840052
3094,LOAD,30758390,3251.1454598241326
3095,LOAD,33213694,3010.8063258486095
3096,LOAD,31403766,3184.3314588447765
3097,LOAD,35049179,2853.1338779718635
3098,LOAD,34055112,2936.416711828756
3099,LOAD,34097487,2932.7674499883233
3100,LOAD,32874686,3041.85414881225
3101,LOAD,38049624,2628.1468642108002
3102,LOAD,34979017,2858.856782624852
3103,LOAD,35920643,2783.914530705923
3104,LOAD,33702594,2967.1306606251137
3105,LOAD,35923753,2783.67352097093
3106,LOAD,34391840,2907.6664697207248
3107,LOAD,38042259,2628.6556747326704
3108,LOAD,37670120,2654.623876961369
3109,LOAD,38356531,2607.11793775094
3110,LOAD,37798458,2645.6105696163586
3111,LOAD,37409658,2673.1065010003567
3112,LOAD,35911457,2784.626644360322
3113,LOAD,31331872,3191.6382142758657
3114,LOAD,32880172,3041.34662069286
3115,LOAD,33106082,3020.5930136945835
3116,LOAD,34522152,2896.690797259684
3117,LOAD,36081266,2771.521376217786
3118,LOAD,36443299,2743.9886822540407
3119,LOAD,33166827,3015.0608015653715
3120,LOAD,35817888,2791.9010746808967
3121,LOAD,34226294,2921.730293089868
3122,LOAD,36513412,2738.7196792236236
3123,LOAD,31877429,3137.015849051064
3124,LOAD,33991937,2941.8741273849737
3125,LOAD,35106589,2848.4681322927727
3126,LOAD,32976746,3032.43988961191
3127,LOAD,35625212,2807.000839742371
3128,LOAD,36831754,2715.048542081379
3129,LOAD,32483080,3078.525804819001
3130,LOAD,34612370,2889.1405009249584
3131,LOAD,36537361,2736.9245414303455
3132,LOAD,36591227,2732.8955107190036
3133,LOAD,33083623,3022.643559926916
3134,LOAD,35031364,2854.5848229032704
3135,LOAD,35666049,2803.786873056783
3136,LOAD,36983847,2703.8831303839215
3137,LOAD,33642877,2972.3973963344456
3138,LOAD,34702971,2881.597659174484
3139,LOAD,34886370,2866.448988530478
3140,LOAD,36834255,2714.864193669724
3141,LOAD,34091719,2933.263646811122
3142,LOAD,33329957,3000.30390078211
3143,LOAD,35753250,2796.9485291546926
3144,LOAD,36747527,2721.2715565866515
3145,LOAD,37139631,2692.541560254059
3146,LOAD,36253098,2758.3849523701397
3147,LOAD,30942739,3231.775958812179
3148,LOAD,35030184,2854.680980265476
3149,LOAD,35348852,2828.946184730412
3150,LOAD,34816179,2872.227880032441
3151,LOAD,35271197,2835.1745476627857
3152,LOAD,34330954,2912.823220700479
3153,LOAD,35733873,2798.4651985526452
3154,LOAD,32835534,3045.481154653979
3155,LOAD,35491096,2817.608112186786
3156,LOAD,36647924,2728.667522886153
3157,LOAD,35838493,2790.2958977655676
3158,LOAD,36550881,2735.912165838082
3159,LOAD,35387807,2825.8320726119027
3160,LOAD,32010590,3123.9661624481146
3161,LOAD,35200263,2840.887864957145
3162,LOAD,39646683,2522.2791021382545
3163,LOAD,37135645,2692.830567504617
3164,LOAD,36609523,2731.5297170083318
3165,LOAD,30066369,3325.9752782253154
3166,LOAD,36488700,2740.5744792223345
3167,LOAD,36791278,2718.035508307159
3168,LOAD,35952433,2781.4529269827162
3169,LOAD,35913116,2784.498009028234
3170,LOAD,32251348,3100.6455916199225
3171,LOAD,34368650,2909.6283968093016
3172,LOAD,30237762,3307.123060231773
3173,LOAD,34033286,2938.2998750106
3174,LOAD,34594662,2890.6193678088252
3175,LOAD,34899683,2865.3555391892814
3176,LOAD,34473805,2900.7531950708662
3177,LOAD,36192246,2763.022775652
3178,LOAD,33748853,2963.063663230273
3179,LOAD,33058307,3024.9582956562176
3180,LOAD,35437951,2821.833576100379
3181,LOAD,35439846,2821.682690156159
3182,LOAD,29630012,3374.956446187062
3183,LOAD,32830409,3045.9565703247863
3184,LOAD,33460562,2988.5929590782125
3185,LOAD,32871233,3042.173684205883
3186,LOAD,34962333,2860.2210270121277
3187,LOAD,34750427,2877.6624816725275
3188,LOAD,34601525,2890.0460312081623
3189,LOAD,33478915,2986.9546250229437
3190,LOAD,36119737,2768.569438919226
3191,LOAD,35784413,2794.512795277654
3192,LOAD,33363981,2997.244243724992
3193,LOAD,32398071,3086.6035203145275
3194,LOAD,33644289,2972.272649304611
3195,LOAD,32672044,3060.720657697449
3196,LOAD,34751461,2877.576859286578
3197,LOAD,32726454,3055.6319972826873
3198,LOAD,35261202,2835.9781949577327
3199,LOAD,36762706,2720.14796734495
3200,LOAD,36530329,2737.4513927865255
3201,LOAD,36514999,2738.600650105454
3202,LOAD,35791426,2793.965236255186
3203,LOAD,29223254,3421.9324104016614
3204,LOAD,32680326,3059.9449956527365
3205,LOAD,30891158,3237.1722678703077
3206,LOAD,32111617,3114.1377900714247
3207,LOAD,33429903,2991.3338366551648
3208,LOAD,35553570,2812.657069318215
3209,LOAD,35713845,2800.0345524263766
3210,LOAD,32590075,3068.4188361027095
3211,LOAD,33939579,2946.4125055882396
3212,LOAD,30512878,3277.304749817438
3213,LOAD,35781667,2794.727255161142
3214,LOAD,33965402,2944.1724258114186
3215,LOAD,30729625,3254.1887510830347
3216,LOAD,32939856,3035.8359793679733
3217,LOAD,31898550,3134.938735459762
3218,LOAD,34155590,2927.7784397810137
3219,LOAD,34216205,2922.5917953203752
3220,LOAD,33846976,2954.4736876936954
3221,LOAD,33088370,3022.209918469843
3222,LOAD,32546433,3072.5333249268824
3223,LOAD,33990743,2941.9774672180597
3224,LOAD,35374530,2826.8926823904094
3225,LOAD,30121005,3319.942345881221
3226,LOAD,33101312,3021.0282903590046
3227,LOAD,34879019,2867.0531129330216
3228,LOAD,32604875,3067.026019881996
3229,LOAD,35594569,2809.4173580244783
3230,LOAD,34976563,2859.0573636409044
3231,LOAD,37114095,2694.394137860562
3232,LOAD,32576144,3069.731027711567
3233,LOAD,32440990,3082.519984747691
3234,LOAD,36468402,2742.099859489319
3235,LOAD,32904168,3039.1286599314712
3236,LOAD,36211962,2761.5184175880886
3237,LOAD,31838805,3140.8213970342163
3238,LOAD,33515749,2983.671944792283
3239,LOAD,36559910,2735.236492650009
3240,LOAD,36564855,2734.866581584967
3241,LOAD,35124782,2846.992758560039
3242,LOAD,38273793,2612.7538496119264
3243,LOAD,38053482,2627.8804131511542
3244,LOAD,34989123,2858.031051535644
3245,LOAD,35919917,2783.9707981507863
3246,LOAD,33185097,3013.400864852075
3247,LOAD,31556925,3168.876561959063
3248,LOAD,33029813,3027.56785210985
3249,LOAD,33188991,3013.0473083680067
3250,LOAD,34641068,2886.747025236058
3251,LOAD,31023987,3223.3123357097847
3252,LOAD,35593857,2809.4735560689587
3253,LOAD,37217433,2686.9128776291477
3254,LOAD,33447326,2989.775625112752
3255,LOAD,35304410,2832.5073269883283
3256,LOAD,35765662,2795.9778851569977
3257,LOAD,36044770,2774.3275931570656
3258,LOAD,36990733,2703.3797897435556
3259,LOAD,33701767,2967.203470369966
3260,LOAD,33671846,2969.8401447903984
3261,LOAD,30644910,3263.1846528509955
3262,LOAD,34723259,2879.91400807165
3263,LOAD,33796998,2958.842675908671
3264,LOAD,36886325,2711.031798369721
3265,LOAD,35707921,2800.499082542498
3266,LOAD,34152030,2928.083630753428
3267,LOAD,34509791,2897.72835772897
3268,LOAD,34090174,2933.3965851861008
3269,LOAD,32460525,3080.664899905347
3270,LOAD,35388073,2825.8108318020027
3271,LOAD,33058223,3024.965981988808
3272,LOAD,33221859,3010.0663542037187
3273,LOAD,34022959,2939.191738143646
3274,LOAD,38094505,2625.0505158158635
3275,LOAD,36322592,2753.107487483272
3276,LOAD,34098861,2932.6492752939753
3277,LOAD,34524537,2896.4906900851415
3278,LOAD,35294836,2833.2756667292633
3279,LOAD,34006367,2940.625795163594
3280,LOAD,34548735,2894.4619824720066
3281,LOAD,33562672,2979.500559431025
3282,LOAD,35657558,2804.4545282657887
3283,LOAD,37174550,2690.0123875070444
3284,LOAD,35231024,2838.4074218223122
3285,LOAD,39205391,2550.6696260215845
3286,LOAD,34925062,2863.2733708532855
3287,LOAD,38542649,2594.5284663750017
3288,LOAD,33677323,2969.3571546645794
3289,LOAD,34114013,2931.346716670361
3290,LOAD,35238420,2837.811683951778
3291,LOAD,35902577,2785.3153827927167
3292,LOAD,33488751,2986.077324890379
3293,LOAD,34500301,2898.5254360534423
3294,LOAD,35707038,2800.5683361358624
3295,LOAD,34306702,2914.8823457294143
3296,LOAD,32472688,3079.5110032159946
3297,LOAD,35220616,2839.2461960347314
3298,LOAD,36631104,2729.920452301956
3299,LOAD,36953352,2706.114454786132
3300,LOAD,30885263,3237.79013958858
3301,LOAD,33510891,2984.104481137192
3302,LOAD,32550926,3072.1092235594156
3303,LOAD,34439960,2903.603836938254
3304,LOAD,36317499,2753.493570688885
3305,LOAD,36772949,2719.3902778915012
3306,LOAD,37835731,2643.004307224829
3307,LOAD,36402360,2747.0746402156346
3308,LOAD,37720511,2651.0775530055785
3309,LOAD,36030656,2775.4143582620313
3310,LOAD,38030355,2629.47847844176
3311,LOAD,34727249,2879.5831192963196
3312,LOAD,31466535,3177.9793993841395
3313,LOAD,35600943,2808.914359375256
3314,LOAD,33428611,2991.4494502927446
3315,LOAD,33023879,3028.1118702015597
3316,LOAD,35664692,2803.893553882366
3317,LOAD,37264774,2683.4994356869033
3318,LOAD,36763717,2720.0731634399212
3319,LOAD,37852685,2641.820520790005
3320,LOAD,36967740,2705.061223650675
3321,LOAD,37792544,2646.0245703491146
3322,LOAD,36997572,2702.88007007595
3323,LOAD,37646683,2656.2765171104184
3324,LOAD,36686638,2725.788064853476
3325,LOAD,37167666,2690.510617481334
3326,LOAD,36546401,2736.2475445940627
3327,LOAD,38186964,2618.69469382274
3328,LOAD,45296904,2207.656399651508
3329,LOAD,37635169,2657.0891710357405
3330,LOAD,36985485,2703.7633817699025
3331,LOAD,32692220,3058.8317342780633
3332,LOAD,34294674,2915.9046678793334
3333,LOAD,36040286,2774.6727648054734
3334,LOAD,36073999,2772.0796909707738
3335,LOAD,33154337,3016.1966441977106
3336,LOAD,33574746,2978.429084765079
3337,LOAD,36604947,2731.87118670053
3338,LOAD,34842972,2870.0192394609735
3339,LOAD,29218924,3422.4395121463062
3340,LOAD,29802284,3355.4475220758245
3341,LOAD,32389128,3087.45576602124
3342,LOAD,30186628,3312.725091388147
3343,LOAD,33645819,2972.1374890591906
3344,LOAD,33524048,2982.933325951568
3345,LOAD,33703210,2967.0764298118784
3346,LOAD,32790415,3049.6716799711135
3347,LOAD,31961970,3128.718286138182
3348,LOAD,35193167,2841.460673317636
3349,LOAD,33365016,2997.1512676631114
3350,LOAD,34698575,2881.9627318989324
3351,LOAD,36092542,2770.655499964508
3352,LOAD,34753113,2877.4400727785164
3353,LOAD,32883779,3041.0130173907323
3354,LOAD,34943880,2861.731439096059
3355,LOAD,35461984,2819.9211865867405
3356,LOAD,33307974,3002.284077680618
3357,LOAD,32958354,3034.132105019565
3358,LOAD,34435302,2903.996602091656
3359,LOAD,30541551,3274.227952601359
3360,LOAD,33802401,2958.369732374928
3361,LOAD,33770676,2961.1488973451405
3362,LOAD,34631794,2887.520063211279
3363,LOAD,35929663,2783.2156399574355
3364,LOAD,34930805,2862.8026179184817
3365,LOAD,33545119,2981.0596289731448
3366,LOAD,35444356,2821.3236544627866
3367,LOAD,36170952,2764.649379424683
3368,LOAD,35062717,2852.0322597932154
3369,LOAD,36473375,2741.725985050739
3370,LOAD,36559328,2735.280035781839
3371,LOAD,33782864,2960.0805899701104
3372,LOAD,32996216,3030.6505448988455
3373,LOAD,34674967,2883.92487871726
3374,LOAD,34399703,2907.0018424286977
3375,LOAD,32572511,3070.0734125164618
3376,LOAD,35205620,2840.455586352406
3377,LOAD,34478344,2900.3713171375052
3378,LOAD,32975002,3032.600270956769
3379,LOAD,34174737,2926.1381001995715
3380,LOAD,35270991,2835.191106481811
3381,LOAD,29951699,3338.708765736461
3382,LOAD,32283421,3097.5651558117092
3383,LOAD,32515975,3075.411393937903
3384,LOAD,34738633,2878.639467477031
3385,LOAD,35042792,2853.653898353761
3386,LOAD,32077355,3117.464017840623
3387,LOAD,33993407,2941.7469099228565
3388,LOAD,35463255,2819.8201208546707
3389,LOAD,33695309,2967.7721608073102
3390,LOAD,33873049,2952.199549559297
3391,LOAD,36254613,2758.2696855707713
3392,LOAD,34550040,2894.3526548739164
3393,LOAD,30656165,3261.9866183522954
3394,LOAD,34266741,2918.2816072295873
3395,LOAD,32131343,3112.2259657805153
3396,LOAD,35208084,2840.256800114428
3397,LOAD,35344713,2829.277465062455
3398,LOAD,35332790,2830.232200740445
3399,LOAD,36732209,2722.406376376656
3400,LOAD,36076030,2771.9236290689414
3401,LOAD,34746953,2877.950190337553
3402,LOAD,31813560,3143.313731628903
3403,LOAD,38071373,2626.6454850472555
3404,LOAD,38290226,2611.63253515401
3405,LOAD,37297080,2681.17504104879
3406,LOAD,34975973,2859.105592287597
3407,LOAD,35068018,2851.6011369675925
3408,LOAD,34569717,2892.705196284945
3409,LOAD,34813273,2872.467636122579
3410,LOAD,36841748,2714.31203535728
3411,LOAD,37169978,2690.3432657398935
3412,LOAD,35050143,2853.055406935144
3413,LOAD,37598972,2659.647183970881
3414,LOAD,36559493,2735.267690938712
3415,LOAD,38788996,2578.0507440821616
3416,LOAD,34647920,2886.1761398664044
3417,LOAD,33882297,2951.3937617629645
3418,LOAD,35154170,2844.612744377125
3419,LOAD,29326097,3409.932116094413
3420,LOAD,30434941,3285.697186007359
3421,LOAD,32009454,3124.077030492304
3422,LOAD,34189300,2924.8917058845896
3423,LOAD,33569201,2978.9210651751887
3424,LOAD,34514482,2897.3345159866517
3425,LOAD,31600819,3164.4749460449107
3426,LOAD,33387549,2995.1285133269294
3427,LOAD,35708427,2800.459398561578
3428,LOAD,34118771,2930.9379285672394
3429,LOAD,34960149,2860.399708250671
3430,LOAD,34535255,2895.591765574049
3431,LOAD,36096044,2770.3866938991982
3432,LOAD,35074512,2851.0731667485497
3433,LOAD,35385377,2826.0261293810718
3434,LOAD,33787202,2959.7005398671367
3435,LOAD,34734259,2879.001967481154
3436,LOAD,32873411,3041.9721275653446
3437,LOAD,34106364,2932.0041268544487
3438,LOAD,36147478,2766.444729560386
3439,LOAD,34176646,2925.9746553245745
3440,LOAD,36838867,2714.52430933883
3441,LOAD,36397931,2747.4089117867716
3442,LOAD,33537978,2981.694364520127
3443,LOAD,34629555,2887.706757999056
3444,LOAD,37439492,2670.9764117525956
3445,LOAD,32413671,3085.118004683888
3446,LOAD,31428444,3181.8310826969355
3447,LOAD,32161924,3109.2667217297076
3448,LOAD,35918855,2784.0531108243845
3449,LOAD,33896505,2950.1566606940746
3450,LOAD,35953997,2781.3319336929353
3451,LOAD,35272981,2835.0311531650814
3452,LOAD,35196842,2841.163988519197
3453,LOAD,34861724,2868.4754661014467
3454,LOAD,37051595,2698.9391414863517
3455,LOAD,37397603,2673.9681684946495
3456,LOAD,37118104,2694.1031255260236
3457,LOAD,34182253,2925.4947004224678
3458,LOAD,35076237,2850.932954980319
3459,LOAD,33526329,2982.730378861342
3460,LOAD,31913989,3133.4221491396765
3461,LOAD,34015869,2939.804360135559
3462,LOAD,36155606,2765.8228159693963
3463,LOAD,28945874,3454.7238062322804
3464,LOAD,35592649,2809.56890845635
3465,LOAD,35304674,2832.486146168635
3466,LOAD,35517518,2815.512052390598
3467,LOAD,35645565,2805.398090898545
3468,LOAD,32886423,3040.7685262699447
3469,LOAD,34217999,2922.438568076409
3470,LOAD,37001559,2702.5888287571884
3471,LOAD,35146628,2845.2231605262386
3472,LOAD,33914732,2948.571140116926
3473,LOAD,33921336,2947.9970953974216
3474,LOAD,37299466,2681.003529648387
3475,LOAD,33632501,2973.3144139354968
3476,LOAD,33521155,2983.190764160722
3477,LOAD,34794170,2874.0447034661265
3478,LOAD,37010976,2701.901187366688
3479,LOAD,36898265,2710.1545289460087
3480,LOAD,34908400,2864.640029333914
3481,LOAD,35529528,2814.560328524488
3482,LOAD,35572258,2811.179430892467
3483,LOAD,35842846,2789.9570251759583
3484,LOAD,36113697,2769.032480944834
3485,LOAD,36158978,2765.564889582886
3486,LOAD,35543255,2813.47332989058
3487,LOAD,38323208,2609.384892830475
3488,LOAD,38217562,2616.598096969137
3489,LOAD,34399769,2906.996265003989
3490,LOAD,33014807,3028.943952330238
3491,LOAD,34607428,2889.5530751375113
3492,LOAD,36585393,2733.331305201505
3493,LOAD,37398797,2673.88279895741
3494,LOAD,36225679,2760.4727574602534
3495,LOAD,37824219,2643.8087194873738
3496,LOAD,34577684,2892.0386917758865
3497,LOAD,36455009,2743.107264079951
3498,LOAD,34805951,2873.071906582871
3499,LOAD,34586478,2891.303358497503
3500,LOAD,37001555,2702.589120916675
3501,LOAD,36450035,2743.4815906212434
3502,LOAD,35223897,2838.9817287962205
3503,LOAD,31286531,3196.26359342939
3504,LOAD,33470822,2987.6768488087923
3505,LOAD,38143668,2621.6671139230766
3506,LOAD,32931719,3036.5860950046367
3507,LOAD,34318569,2913.874410089768
3508,LOAD,35553038,2812.699156679663
3509,LOAD,36450598,2743.439216004083
3510,LOAD,36383664,2748.486243716411
3511,LOAD,37483617,2667.8321891934816
3512,LOAD,38431199,2602.052566717994
3513,LOAD,36567942,2734.635709059044
3514,LOAD,36636932,2729.4861916931254
3515,LOAD,37309308,2680.296294962104
3516,LOAD,34326365,2913.2126282523654
3517,LOAD,37655342,2655.6656954543128
3518,LOAD,38406644,2603.7161695252516
3519,LOAD,37656793,2655.5633667476673
3520,LOAD,37542919,2663.6181379503287
3521,LOAD,35757581,2796.6097594800945
3522,LOAD,33544054,2981.1542755088576
3523,LOAD,35551271,2812.838955884306
3524,LOAD,34629463,2887.714429761732
3525,LOAD,35065287,2851.8232290527094
3526,LOAD,35752764,2796.9865490679263
3527,LOAD,38812352,2576.4993577302403
3528,LOAD,34594233,2890.6552141219604
3529,LOAD,38335743,2608.5316776043705
3530,LOAD,36130525,2767.7427881272138
3531,LOAD,38857068,2573.5343696029768
3532,LOAD,35244662,2837.3090937856064
3533,LOAD,39147613,2554.434161796787
3534,LOAD,37351845,2677.2439219535204
3535,LOAD,37644100,2656.4587810573234
3536,LOAD,36618718,2730.8438269193366
3537,LOAD,37513194,2665.728756660923
3538,LOAD,37043295,2699.5438715697405
3539,LOAD,36795866,2717.696602112857
3540,LOAD,37161809,2690.93466359509
3541,LOAD,36990490,2703.3975489375784
3542,LOAD,37652933,2655.835602501404
3543,LOAD,36589904,2732.994325429222
3544,LOAD,35981325,2779.2194978923094
3545,LOAD,36189913,2763.2008952328792
3546,LOAD,35263704,2835.776979071739
3547,LOAD,31118991,3213.471799262386
3548,LOAD,34818502,2872.0362524499187
3549,LOAD,33199402,3012.1024469055196
3550,LOAD,32630805,3064.5888141588907
3551,LOAD,36260695,2757.807041481141
3552,LOAD,37189019,2688.9657939081426
3553,LOAD,36785576,2718.4568212279723
3554,LOAD,36630392,2729.973514888948
3555,LOAD,36990756,2703.3781088442747
3556,LOAD,37293034,2681.4659273900857
3557,LOAD,35754910,2796.818674693909
3558,LOAD,37050646,2699.0082710028864
3559,LOAD,37060372,2698.29995230485
3560,LOAD,37212862,2687.2429215468565
3561,LOAD,37534570,2664.2106197033827
3562,LOAD,35274571,2834.9033642393556
3563,LOAD,35143358,2845.487901298447
3564,LOAD,32537620,3073.365538106352
3565,LOAD,36387873,2748.1683251999916
3566,LOAD,38685591,2584.9417681120603
3567,LOAD,37737436,2649.888561586431
3568,LOAD,36028388,2775.589071595432
3569,LOAD,36509145,2739.0397666118997
3570,LOAD,37105274,2695.0346735075987
3571,LOAD,35535879,2814.057308108236
3572,LOAD,36700129,2724.7860627410873
3573,LOAD,37026427,2700.773693340705
3574,LOAD,36760734,2720.293887494194
3575,LOAD,36213405,2761.408379024287
3576,LOAD,33680297,2969.094957802777
3577,LOAD,37442651,2670.751064073962
3578,LOAD,35456071,2820.39146413036
3579,LOAD,36566019,2734.7795230320257
3580,LOAD,36574785,2734.124069355432
3581,LOAD,35141353,2845.650251428851
3582,LOAD,36484590,2740.8832057589243
3583,LOAD,36274766,2756.7372867408712
3584,LOAD,36570936,2734.411829109323
3585,LOAD,37426861,2671.8778259282817
3586,LOAD,36955596,2705.950135400333
3587,LOAD,35700823,2801.055874818348
3588,LOAD,33817595,2957.040558324742
3589,LOAD,35375696,2826.799506644336
3590,LOAD,36776738,2719.1101070464706
3591,LOAD,34534065,2895.6915439870745
3592,LOAD,32715847,3056.6226819681606
3593,LOAD,32028195,3122.249005914945
3594,LOAD,33254844,3007.0807128128463
3595,LOAD,32331640,3092.945486217216
3596,LOAD,34939918,2862.055944149611
3597,LOAD,35666604,2803.743243960092
3598,LOAD,35821831,2791.5937630323806
3599,LOAD,34238008,2920.7306686767524
3600,LOAD,35067759,2851.622198042367
3601,LOAD,34119328,2930.8900808362932
3602,LOAD,32888220,3040.6023798186707
3603,LOAD,33491675,2985.816624579093
3604,LOAD,35354793,2828.4708101670967
3605,LOAD,36093530,2770.579657905447
3606,LOAD,30209448,3310.2226826521296
3607,LOAD,35520117,2815.306041925481
3608,LOAD,35402605,2824.6508978647194
3609,LOAD,34089044,2933.4938228247174
3610,LOAD,38456330,2600.3521396867563
3611,LOAD,37868306,2640.7307472375446
3612,LOAD,37697519,2652.6944651185136
3613,LOAD,34288058,2916.4673018226927
3614,LOAD,38977538,2565.5802067334266
3615,LOAD,34844942,2869.856979529482
3616,LOAD,37651201,2655.9577740959708
3617,LOAD,34931675,2862.7313176365005
3618,LOAD,34096986,2932.8105422573126
3619,LOAD,36140407,2766.9859943746624
3620,LOAD,31623915,3162.1638244347673
3621,LOAD,33861657,2953.1927513175156
3622,LOAD,34133619,2929.6629812385263
3623,LOAD,36921396,2708.456635821679
3624,LOAD,37548914,2663.192868906941
3625,LOAD,37954940,2634.7031506307217
3626,LOAD,34526017,2896.3665284646067
3627,LOAD,33581323,2977.845750746628
3628,LOAD,34395593,2907.3492060450885
3629,LOAD,34581736,2891.69982675248
3630,LOAD,36813723,2716.3783461944345
3631,LOAD,35935527,2782.7614716767616
3632,LOAD,34165728,2926.909679782032
3633,LOAD,35469643,2819.312277825858
3634,LOAD,32788474,3049.8522133112992
3635,LOAD,32701653,3057.949394790532
3636,LOAD,33362480,2997.379091722198
3637,LOAD,37590336,2660.2582110465837
3638,LOAD,36778988,2718.9437621285283
3639,LOAD,35000539,2857.098857820447
3640,LOAD,33796014,2958.928825156718
3641,LOAD,36340022,2751.786996716733
3642,LOAD,30768191,3250.109829336408
3643,LOAD,34600950,2890.0940581111213
3644,LOAD,34322079,2913.576418258346
3645,LOAD,35892158,2786.1239215541177
3646,LOAD,37537156,2664.0270775974614
3647,LOAD,35168692,2843.4381352596224
3648,LOAD,37886191,2639.4841328863067
3649,LOAD,36821667,2715.792307827888
3650,LOAD,38210671,2617.0699802680774
3651,LOAD,38616897,2589.540014051362
3652,LOAD,37016112,2701.5262975214687
3653,LOAD,35223034,2839.0512867233415
3654,LOAD,38644396,2587.697320977665
3655,LOAD,37863187,2641.0877668591393
3656,LOAD,37239001,2685.356677532783
3657,LOAD,35372124,2827.084966681673
3658,LOAD,38183386,2618.940080379461
3659,LOAD,38247231,2614.5683592101086
3660,LOAD,36782463,2718.686891630938
3661,LOAD,36580056,2733.7300959845443
3662,LOAD,35321869,2831.107266719097
3663,LOAD,31797413,3144.909933396154
3664,LOAD,34042141,2937.5355680478497
3665,LOAD,37287231,2681.8832430866214
3666,LOAD,37973866,2633.3900267094214
3667,LOAD,37922109,2636.9841403071755
3668,LOAD,35836004,2790.489698572419
3669,LOAD,37808190,2644.9295774275365
3670,LOAD,37585628,2660.5914367055407
3671,LOAD,36680284,2726.260243786553
3672,LOAD,37247932,2684.712804995456
3673,LOAD,37047067,2699.2690136576803
3674,LOAD,36982918,2703.951051131228
3675,LOAD,36903732,2709.7530406951796
3676,LOAD,37589706,2660.3027967284447
3677,LOAD,37251798,2684.4341848949143
3678,LOAD,35649624,2805.0786734805392
3679,LOAD,33943408,2946.0801343223993
3680,LOAD,33407610,2993.329962843795
3681,LOAD,35311293,2831.9552048122396
3682,LOAD,34389433,2907.869984364092
3683,LOAD,37932169,2636.2847850857147
3684,LOAD,37518002,2665.3871386861165
3685,LOAD,37115173,2694.3158799232865
3686,LOAD,37214441,2687.128902460204
3687,LOAD,37977818,2633.1159941837627
3688,LOAD,36601433,2732.133465921949
3689,LOAD,35670412,2803.443929943955
3690,LOAD,33147680,3016.80238254985
3691,LOAD,35314324,2831.712140376806
3692,LOAD,37212095,2687.2983098640375
3693,LOAD,38148144,2621.359508342005
3694,LOAD,37357089,2676.8681039360426
3695,LOAD,29029427,3444.780360287511
3696,LOAD,36208149,2761.809226978159
3697,LOAD,37193561,2688.637423020614
3698,LOAD,36431619,2744.8684067540344
3699,LOAD,37834868,2643.0645932212583
3700,LOAD,37460870,2669.4521510045015
3701,LOAD,37237169,2685.4887921259533
3702,LOAD,38369954,2606.2058870333803
3703,LOAD,37132762,2693.039639766091
3704,LOAD,28679583,3486.8010458868944
3705,LOAD,34548477,2894.4835976416557
3706,LOAD,37841340,2642.6125501898186
3707,LOAD,36824657,2715.571797450822
3708,LOAD,37214717,2687.1089735816076
3709,LOAD,37651436,2655.941197036947
3710,LOAD,37477681,2668.254740734892
3711,LOAD,35512109,2815.940894977541
3712,LOAD,36856334,2713.2378385761317
3713,LOAD,36202834,2762.2146929160294
3714,LOAD,35007948,2856.4941881197947
3715,LOAD,34431747,2904.2964331725602
3716,LOAD,35201775,2840.765842063362
3717,LOAD,33113084,3019.95428755594
3718,LOAD,35466241,2819.5827124729685
3719,LOAD,36564358,2734.9037551814804
3720,LOAD,33205678,3011.5331480357067
3721,LOAD,32400963,3086.3280205591423
3722,LOAD,34067577,2935.342305089675
3723,LOAD,30353624,3294.499529940807
3724,LOAD,36759025,2720.4203593539273
3725,LOAD,35967520,2780.286213783992
3726,LOAD,34520073,2896.8652528631674
3727,LOAD,33162086,3015.491848130422
3728,LOAD,36632600,2729.8089679684213
3729,LOAD,37236015,2685.5720194548207
3730,LOAD,36173822,2764.4300345150145
3731,LOAD,36891313,2710.6652452299545
3732,LOAD,34569069,2892.759420278284
3733,LOAD,34191952,2924.66484510741
3734,LOAD,36268690,2757.1991158213877
3735,LOAD,37083488,2696.6179664652905
3736,LOAD,37036004,2700.0753105005606
3737,LOAD,35989387,2778.596923587501
3738,LOAD,34772278,2875.854150251531
3739,LOAD,34368414,2909.6483765587786
3740,LOAD,34857650,2868.8107201718994
3741,LOAD,32561358,3071.124981949463
3742,LOAD,36178423,2764.0784674334755
3743,LOAD,36278096,2756.4842432745095
3744,LOAD,35605504,2808.5545425785854
3745,LOAD,34071942,2934.966254638494
3746,LOAD,34672410,2884.1375606714387
3747,LOAD,35853364,2789.1385589368965
3748,LOAD,34736664,2878.802639194138
3749,LOAD,33695921,2967.718258836136
3750,LOAD,34913110,2864.253571222959
3751,LOAD,37960602,2634.310172425611
3752,LOAD,34742398,2878.3275121078286
3753,LOAD,35649706,2805.0722213529616
3754,LOAD,36970344,2704.8706931155416
3755,LOAD,35734259,2798.4349696463555
3756,LOAD,34100131,2932.540053878385
3757,LOAD,35061336,2852.1445959731827
3758,LOAD,35651769,2804.909905031641
3759,LOAD,28986177,3449.920284416948
3760,LOAD,31209815,3204.1202423019813
3761,LOAD,32394563,3086.937767921117
3762,LOAD,32891070,3040.338912659272
3763,LOAD,33578274,2978.1161473636193
3764,LOAD,35109826,2848.2055137499115
3765,LOAD,32295014,3096.4532172056033
3766,LOAD,35108871,2848.282988080135
3767,LOAD,29660118,3371.53075385607
3768,LOAD,34730962,2879.2752702905264
3769,LOAD,31236724,3201.3600401885933
3770,LOAD,36481485,2741.1164868973947
3771,LOAD,34645615,2886.368159433741
3772,LOAD,36070160,2772.374727475564
3773,LOAD,32227626,3102.927904152791
3774,LOAD,34872789,2867.565310018651
3775,LOAD,35684245,2802.357174713939
3776,LOAD,36308487,2754.177005502873
3777,LOAD,33807401,2957.932199520454
3778,LOAD,36414861,2746.1315862224487
3779,LOAD,36226636,2760.3998339785126
3780,LOAD,35890615,2786.243701870252
3781,LOAD,32954677,3034.470645850967
3782,LOAD,36125949,2768.093372439849
3783,LOAD,36546478,2736.2417795772276
3784,LOAD,24646248,4057.412714503238
3785,LOAD,36349238,2751.0893075667777
3786,LOAD,33566784,2979.1355644913733
3787,LOAD,35390754,2825.5967646238905
3788,LOAD,34430237,2904.4238063188473
3789,LOAD,36512517,2738.7868111091875
3790,LOAD,36493011,2740.250729105362
3791,LOAD,37042402,2699.6089508450345
3792,LOAD,34523746,2896.55705380291
3793,LOAD,34080050,2934.267995498833
3794,LOAD,35551353,2812.832468007617
3795,LOAD,36023892,2775.9354819296036
3796,LOAD,34832616,2870.87251787233
3797,LOAD,35207158,2840.3315030426484
3798,LOAD,35569701,2811.381518219678
3799,LOAD,36136280,2767.3020023090367
3800,LOAD,33469875,2987.7613824371915
3801,LOAD,35890736,2786.2343084856216
3802,LOAD,35421004,2823.1836680857496
3803,LOAD,35753471,2796.9312406059817
3804,LOAD,35427174,2822.69198214907
3805,LOAD,36959737,2705.646958472675
3806,LOAD,36300520,2754.781474204777
3807,LOAD,36098703,2770.1826295532005
3808,LOAD,32833290,3045.6892988792774
3809,LOAD,33945667,2945.8840799917116
3810,LOAD,36025358,2775.8225192376995
3811,LOAD,37137895,2692.667422318901
3812,LOAD,32713645,3056.8284274039165
3813,LOAD,34596312,2890.4815056587536
3814,LOAD,35674549,2803.1188284959117
3815,LOAD,35847917,2789.5623614616156
3816,LOAD,33665669,2970.385053093702
3817,LOAD,34497228,2898.7836356010985
3818,LOAD,37568693,2661.7907628567223
3819,LOAD,37699500,2652.555073674717
3820,LOAD,37243158,2685.056943882149
3821,LOAD,37464610,2669.1856661526704
3822,LOAD,38483574,2598.5112505402954
3823,LOAD,36756457,2720.610422272201
3824,LOAD,37430078,2671.648186252778
3825,LOAD,38122681,2623.1103735857405
3826,LOAD,36949523,2706.3948836362515
3827,LOAD,36832412,2715.0000385530006
3828,LOAD,38078739,2626.137383383415
3829,LOAD,37425745,2671.9574987752417
3830,LOAD,37250451,2684.5312557423804
3831,LOAD,37182742,2689.419731336651
3832,LOAD,38209160,2617.173473585915
3833,LOAD,36799972,2717.3933719297397
3834,LOAD,37717302,2651.3031075234385
3835,LOAD,37061915,2698.187613888813
3836,LOAD,37039019,2699.8555226314174
3837,LOAD,37310571,2680.2055642622036
3838,LOAD,37424368,2672.0558113366137
3839,LOAD,37312577,2680.0614709619226
3840,LOAD,37474243,2668.4995344669137
3841,LOAD,36616738,2730.9914935623156
3842,LOAD,36983112,2703.9368671841353
3843,LOAD,36279794,2756.3552317854947
3844,LOAD,39003938,2563.843681630301
3845,LOAD,37239706,2685.3058399548054
3846,LOAD,36964241,2705.3172821809053
3847,LOAD,34044758,2937.3097614616618
3848,LOAD,33645874,2972.1326305864427
3849,LOAD,34094479,2933.0261946516325
3850,LOAD,37225130,2686.357307550034
3851,LOAD,34797614,2873.7602526426094
3852,LOAD,34537573,2895.3974270282397
3853,LOAD,35754215,2796.873040003815
3854,LOAD,36118561,2768.659581980578
3855,LOAD,37727972,2650.553281793148
3856,LOAD,37761331,2648.211738087304
3857,LOAD,37305875,2680.542943973302
3858,LOAD,37122245,2693.8025973375265
3859,LOAD,36298127,2754.963086662846
3860,LOAD,34864669,2868.2331675083446
3861,LOAD,33697630,2967.567748829814
3862,LOAD,36096060,2770.3854658929536
3863,LOAD,36806813,2716.888310867882
3864,LOAD,34809424,2872.7852549355603
3865,LOAD,32724031,3055.8582468033965
3866,LOAD,35200275,2840.8868964802123
3867,LOAD,37540209,2663.8104225791603
3868,LOAD,37836272,2642.966516362923
3869,LOAD,37840046,2642.70291849011
3870,LOAD,37874099,2640.3268365539207
3871,LOAD,36402868,2747.036304941688
3872,LOAD,38017783,2630.3480137176857
3873,LOAD,37469702,2668.822933259517
3874,LOAD,37902065,2638.3786740907126
3875,LOAD,36897610,2710.202639141126
3876,LOAD,37744363,2649.4022431905923
3877,LOAD,37955982,2634.630820512034
3878,LOAD,38620685,2589.286026387155
3879,LOAD,36973016,2704.675215027089
3880,LOAD,38185806,2618.7741067976935
3881,LOAD,36247825,2758.7862168281818
3882,LOAD,37791321,2646.1102008051002
3883,LOAD,37856466,2641.556663001771
3884,LOAD,37988571,2632.370667483123
3885,LOAD,35737834,2798.1550308840765
3886,LOAD,38212850,2616.9207478636113
3887,LOAD,36772427,2719.4288807752614
3888,LOAD,37544587,2663.4998009167075
3889,LOAD,38396795,2604.38403778232
3890,LOAD,37702991,2652.3094679676738
3891,LOAD,37067695,2697.766882996097
3892,LOAD,36933548,2707.5654903233235
3893,LOAD,37700573,2652.479579023905
3894,LOAD,38261216,2613.6126985613837
3895,LOAD,35032840,2854.4645538300633
3896,LOAD,33420374,2992.1867421352017
3897,LOAD,34392161,2907.639330951027
3898,LOAD,27365124,3654.286382915714
3899,LOAD,37188222,2689.0234225234
3900,LOAD,35903267,2785.2618537471812
3901,LOAD,38269959,2613.0156031784613
3902,LOAD,37721814,2650.9859785640215
3903,LOAD,38283655,2612.0807953159124
3904,LOAD,35237866,2837.856299243547
3905,LOAD,33117388,3019.561808437308
3906,LOAD,33750548,2962.914854004741
3907,LOAD,37393788,2674.2409728589146
3908,LOAD,36932465,2707.6448864163276
3909,LOAD,38312676,2610.1022022058705
3910,LOAD,37242797,2685.0829705405854
3911,LOAD,37954901,2634.7058578811734
3912,LOAD,36755236,2720.7008002886987
3913,LOAD,37801906,2645.3692573067615
3914,LOAD,36939740,2707.111636411085
3915,LOAD,37356279,2676.926146739615
3916,LOAD,37508048,2666.094487241778
3917,LOAD,37406980,2673.297871145973
3918,LOAD,38125401,2622.923231679583
3919,LOAD,37319349,2679.5751447861535
3920,LOAD,37568231,2661.8234965601655
3921,LOAD,37207471,2687.632276861816
3922,LOAD,37646823,2656.2666390202435
3923,LOAD,37910004,2637.826152695737
3924,LOAD,37193219,2688.66214564542
3925,LOAD,37583659,2660.730824532013
3926,LOAD,36979721,2704.1848152396824
3927,LOAD,37838553,2642.807191913496
3928,LOAD,36011147,2776.917935993541
3929,LOAD,28622226,3493.788358739114
3930,LOAD,35879503,2787.1066107019374
3931,LOAD,30917266,3234.438646677232
3932,LOAD,35345536,2829.2115870021044
3933,LOAD,37035812,2700.0893081539566
3934,LOAD,38162769,2620.3549328404342
3935,LOAD,37307666,2680.4142612405717
3936,LOAD,36735771,2722.1424044700193
3937,LOAD,37701114,2652.441516714864
3938,LOAD,34705033,2881.4264490110127
3939,LOAD,32767745,3051.781561410466
3940,LOAD,34978479,2858.900754375283
3941,LOAD,34797979,2873.730109441126
3942,LOAD,34186776,2925.1076498117286
3943,LOAD,33670858,2969.927288458168
3944,LOAD,35368469,2827.377119433697
3945,LOAD,33222577,3010.001301223562
3946,LOAD,35650928,2804.976072432112
3947,LOAD,35960070,2780.8622174539705
3948,LOAD,35306456,2832.3431839208106
3949,LOAD,32403899,3086.048379548399
3950,LOAD,36084949,2771.23850168113
3951,LOAD,37044672,2699.443525913794
3952,LOAD,34944184,2861.7065432118834
3953,LOAD,36988296,2703.5579038299034
3954,LOAD,31393469,3185.3759136972085
3955,LOAD,36342721,2751.5826346629356
3956,LOAD,37935333,2636.0649055064314
3957,LOAD,35584213,2810.2349769545276
3958,LOAD,37733119,2650.191732096146
3959,LOAD,35293812,2833.357870212489
3960,LOAD,29529990,3386.3878721259302
3961,LOAD,34116622,2931.1225478302044
3962,LOAD,32218842,3103.773872443957
3963,LOAD,37032679,2700.317738287311
3964,LOAD,36213699,2761.385960600159
3965,LOAD,37587838,2660.4350055994173
3966,LOAD,36748369,2721.2092052303055
3967,LOAD,36769872,2719.6178436519986
3968,LOAD,38405760,2603.776100251629
3969,LOAD,38495649,2597.696170806212
3970,LOAD,36547363,2736.175521062901
3971,LOAD,35463572,2819.7949151879
3972,LOAD,35761532,2796.30078487689
3973,LOAD,36953486,2706.104641927422
3974,LOAD,34403216,2906.705001067342
3975,LOAD,35465998,2819.6020312187466
3976,LOAD,36194966,2762.8151384366547
3977,LOAD,35644810,2805.4575126084274
3978,LOAD,35380960,2826.3789337542003
3979,LOAD,36439090,2744.3056344162273
3980,LOAD,32621796,3065.4351464891756
3981,LOAD,34872436,2867.594337258229
3982,LOAD,29670402,3370.362154176408
3983,LOAD,35442542,2821.4680538433163
3984,LOAD,32092868,3115.9571029924778
3985,LOAD,35826481,2791.231435763954
3986,LOAD,36892408,2710.584790236517
3987,LOAD,35043060,2853.632074367935
3988,LOAD,32370607,3089.2222688317215
3989,LOAD,33771467,2961.079540903568
3990,LOAD,34391256,2907.7158449810613
3991,LOAD,33806192,2958.0379831008477
3992,LOAD,36627872,2730.161337246128
3993,LOAD,33403031,2993.7402985974536
3994,LOAD,34083151,2934.0010259027986
3995,LOAD,37153794,2691.515165315284
3996,LOAD,36111370,2769.2109161186627
3997,LOAD,36630232,2729.9854393496607
3998,LOAD,35886693,2786.5482060439504
3999,LOAD,36470560,2741.9376066613727
4000,LOAD,38579402,2592.056766457915
4001,LOAD,34629728,2887.692331860071
4002,LOAD,40352924,2478.135165620216
4003,LOAD,36972001,2704.7494670358797
4004,LOAD,36701506,2724.6838317751867
4005,LOAD,33724449,2965.2078229654694
4006,LOAD,35748586,2797.3134377958336
4007,LOAD,36299131,2754.886886961564
4008,LOAD,36494498,2740.1390752107345
4009,LOAD,34347788,2911.3956333956644
4010,LOAD,35582243,2810.390564754448
4011,LOAD,35898722,2785.6144851061827
4012,LOAD,36540126,2736.7174377012275
4013,LOAD,34894960,2865.743362365224
4014,LOAD,33637984,2972.8297629251506
4015,LOAD,33785752,2959.8275628140527
4016,LOAD,31455688,3179.075275670333
4017,LOAD,32253544,3100.4344824866375
4018,LOAD,32208485,3104.771925782911
4019,LOAD,32575718,3069.771171275488
4020,LOAD,32791333,3049.586303795579
4021,LOAD,34129236,2930.0392191609562
4022,LOAD,30096284,3322.66933685235
4023,LOAD,33755781,2962.455527247318
4024,LOAD,31716117,3152.9710903765426
4025,LOAD,33616371,2974.74108671635
4026,LOAD,32483292,3078.505713029332
4027,LOAD,33477193,2987.108268008014
4028,LOAD,34277710,2917.347745809157
4029,LOAD,37108783,2694.779831502424
4030,LOAD,35345017,2829.2531306463934
4031,LOAD,33939514,2946.4181484743713
4032,LOAD,35971361,2779.989336516903
4033,LOAD,35713446,2800.065835147916
4034,LOAD,35227545,2838.687737110264
4035,LOAD,34655953,2885.50714504951
4036,LOAD,34031436,2938.459605407189
4037,LOAD,35089539,2849.852202390006
4038,LOAD,34615317,2888.8945318628744
4039,LOAD,34193128,2924.564257473022
4040,LOAD,34761139,2876.7757005890976
4041,LOAD,34953739,2860.92426335277
4042,LOAD,35411240,2823.962109206004
4043,LOAD,34113702,2931.373440502001
4044,LOAD,34293470,2916.007041573804
4045,LOAD,38223311,2616.2045459641104
4046,LOAD,37904350,2638.2196238690285
4047,LOAD,36074162,2772.067165413295
4048,LOAD,38535806,2594.989190053531
4049,LOAD,38244765,2614.736945043328
4050,LOAD,36504999,2739.3508489070223
4051,LOAD,38360510,2606.8475106300725
4052,LOAD,37607718,2659.028660021329
4053,LOAD,37770263,2647.5854827910516
4054,LOAD,36873215,2711.995685757263
4055,LOAD,37645656,2656.348982203949
4056,LOAD,36555784,2735.5452149514836
4057,LOAD,37117243,2694.165620005775
4058,LOAD,36654840,2728.1526805191347
4059,LOAD,33855240,2953.752506259001
4060,LOAD,34507370,2897.9316592368527
4061,LOAD,44889839,2227.675621647919
4062,LOAD,37922067,2636.9870608582596
4063,LOAD,37631992,2657.3134900751465
4064,LOAD,37673910,2654.356821471411
4065,LOAD,37026633,2700.7586674165054
4066,LOAD,37140692,2692.464642285071
4067,LOAD,33310487,3002.0575802449243
4068,LOAD,35551646,2812.8092859610497
4069,LOAD,36264421,2757.5236896792035
4070,LOAD,36426596,2745.2469069577623
4071,LOAD,37572796,2661.5000917152934
4072,LOAD,36982612,2703.973424051281
4073,LOAD,36660744,2727.713327367279
4074,LOAD,39248867,2547.844247325662
4075,LOAD,37423182,2672.140493023816
4076,LOAD,36812413,2716.475010752487
4077,LOAD,37530792,2664.478809826342
4078,LOAD,36454511,2743.1447372864227
4079,LOAD,38727456,2582.1474046733147
4080,LOAD,38343890,2607.9774378655893
4081,LOAD,36202604,2762.232241636541
4082,LOAD,38584933,2591.6852052069135
4083,LOAD,35690139,2801.894383207642
4084,LOAD,36779009,2718.9422096718267
4085,LOAD,37252736,2684.366592563832
4086,LOAD,36346793,2751.274369653466
4087,LOAD,35487297,2817.909743872575
4088,LOAD,35585941,2810.098516152769
4089,LOAD,35817731,2791.9133124317673
4090,LOAD,38991130,2564.6858657340786
4091,LOAD,36531311,2737.37780721858
4092,LOAD,37306068,2680.529076395829
4093,LOAD,36981595,2704.0477837691965
4094,LOAD,36604863,2731.8774557358674
4095,LOAD,35938789,2782.508893107111
4096,LOAD,36785235,2718.482021387114
4097,LOAD,34306146,2914.9295872523835
4098,LOAD,36267497,2757.2898124179897
4099,LOAD,31786616,3145.978168924934
4100,LOAD,36155725,2765.813712766097
4101,LOAD,35541507,2813.6117019461217
4102,LOAD,33411195,2993.0087804402087
4103,LOAD,31411294,3183.568305081605
4104,LOAD,35630952,2806.5486434378736
4105,LOAD,35808108,2792.663605683942
4106,LOAD,35749173,2797.267506020349
4107,LOAD,35637411,2806.0399786056287
4108,LOAD,32538692,3073.264284870455
4109,LOAD,34164419,2927.021823494203
4110,LOAD,30904540,3235.7705372738114
4111,LOAD,33833021,2955.6923101841835
4112,LOAD,33099793,3021.166929956329
4113,LOAD,34837495,2870.4704514489345
4114,LOAD,36248643,2758.7239610597285
4115,LOAD,34934171,2862.526779295836
4116,LOAD,29969380,3336.739031638292
4117,LOAD,33104747,3020.7148237683255
4118,LOAD,32057395,3119.4050545903683
4119,LOAD,34171073,2926.451855930892
4120,LOAD,32630976,3064.5727544281854
4121,LOAD,35133164,2846.3135287217515
4122,LOAD,36520791,2738.1663228488123
4123,LOAD,36021518,2776.118430100586
4124,LOAD,36481167,2741.1403807339825
4125,LOAD,34154135,2927.90316604417
4126,LOAD,36104005,2769.7758184999143
4127,LOAD,34569423,2892.7297976596255
4128,LOAD,32797148,3049.0456060386714
4129,LOAD,34676429,2883.8032889718834
4130,LOAD,34724617,2879.801381250656
4131,LOAD,36546038,2736.274722857783
4132,LOAD,33144300,3017.1100309857197
4133,LOAD,37096283,2695.6878671644813
4134,LOAD,36957037,2705.844627100382
4135,LOAD,35179105,2842.5964787904636
4136,LOAD,35823117,2791.493548704877
4137,LOAD,36796167,2717.674370811503
4138,LOAD,36731188,2722.4820498591007
4139,LOAD,35557717,2812.32903676015
4140,LOAD,36342193,2751.6226112166646
4141,LOAD,36194569,2762.845442364571
4142,LOAD,36799923,2717.3969902056588
4143,LOAD,35217000,2839.5377232586534
4144,LOAD,35307598,2832.2515737264257
4145,LOAD,35726755,2799.022749197345
4146,LOAD,36766795,2719.845447502291
4147,LOAD,35071378,2851.327940407702
4148,LOAD,36483868,2740.937446654505
4149,LOAD,33229420,3009.3814457188837
4150,LOAD,34809236,2872.800770462184
4151,LOAD,32415072,3084.9846639242387
4152,LOAD,34492870,2899.149882280019
4153,LOAD,36246509,2758.8863799269607
4154,LOAD,30334347,3296.5931325305933
4155,LOAD,35187268,2841.9370324516244
4156,LOAD,35497120,2817.129953077884
4157,LOAD,31677211,3156.8435743916975
4158,LOAD,34956579,2860.691831428928
4159,LOAD,37224195,2686.42478366557
4160,LOAD,32272837,3098.581014120327
4161,LOAD,33066394,3024.2184859951767
4162,LOAD,36217089,2761.1274887388104
4163,LOAD,29798422,3355.8824020949837
4164,LOAD,34319153,2913.824825455337
4165,LOAD,30928730,3233.239774151735
4166,LOAD,33692753,2967.9973019717327
4167,LOAD,36139784,2767.033693394515
4168,LOAD,34127913,2930.1528048316345
4169,LOAD,34259818,2918.8713144944318
4170,LOAD,34644987,2886.420479822954
4171,LOAD,37178345,2689.737803014093
4172,LOAD,37025011,2700.876982858965
4173,LOAD,36854243,2713.3917796113733
4174,LOAD,36749496,2721.1257536701996
4175,LOAD,37572906,2661.492299797093
4176,LOAD,37543972,2663.543431153209
4177,LOAD,37355751,2676.9639834037866
4178,LOAD,37467207,2669.0006543588906
4179,LOAD,35586306,2810.0696936625004
4180,LOAD,37059935,2698.331769874934
4181,LOAD,37645231,2656.3789713496512
4182,LOAD,37825900,2643.6912274394
4183,LOAD,37101359,2695.3190582587554
4184,LOAD,36156308,2765.7691155855846
4185,LOAD,36742839,2721.618762230104
4186,LOAD,37912091,2637.680944583088
4187,LOAD,38563938,2593.0961718691697
4188,LOAD,35744552,2797.6291324059675
4189,LOAD,37107296,2694.8878193657656
4190,LOAD,36543999,2736.4273953707147
4191,LOAD,30924469,3233.6852736258784
4192,LOAD,35338029,2829.8126078282407
4193,LOAD,35713045,2800.0972753793467
4194,LOAD,35074062,2851.1097459997645
4195,LOAD,36937157,2707.300943599964
4196,LOAD,35401498,2824.7392243119207
4197,LOAD,33738300,2963.9904796625797
4198,LOAD,34244164,2920.205615181612
4199,LOAD,35900353,2785.48793099611
4200,LOAD,36755880,2720.65313087321
4201,LOAD,35437209,2821.8926609034024
4202,LOAD,34228274,2921.561280010789
4203,LOAD,33806152,2958.0414831004723
4204,LOAD,35325003,2830.8560936286403
4205,LOAD,37129401,2693.2834170957944
4206,LOAD,37082476,2696.6915585679876
4207,LOAD,37875165,2640.2525243124355
4208,LOAD,37262991,2683.6278386777917
4209,LOAD,38492795,2597.8887737302525
4210,LOAD,35136064,2846.0786045927057
4211,LOAD,37331161,2678.727297016024
4212,LOAD,37994658,2631.948943980493
4213,LOAD,37487935,2667.5248983439606
4214,LOAD,36783285,2718.626136844493
4215,LOAD,37260817,2683.784416213955
4216,LOAD,36758042,2720.4931100519448
4217,LOAD,37911150,2637.746414972904
4218,LOAD,37039000,2699.856907583898
4219,LOAD,36698801,2724.884663125643
4220,LOAD,36905714,2709.60751497722
4221,LOAD,37586261,2660.5466289929714
4222,LOAD,37324178,2679.228461508248
4223,LOAD,37694297,2652.921209805292
4224,LOAD,36597741,2732.409085030685
4225,LOAD,37424060,2672.0778023549556
4226,LOAD,37359637,2676.6855363182462
4227,LOAD,37074363,2697.2816768288103
4228,LOAD,36896808,2710.261548912307
4229,LOAD,36253514,2758.353300593151
4230,LOAD,34375267,2909.0683135639356
4231,LOAD,34271741,2917.855850976465
4232,LOAD,36990423,2703.4024455465133
4233,LOAD,33133762,3018.069605256415
4234,LOAD,33275456,3005.2180201527517
4235,LOAD,31646639,3159.893219624365
4236,LOAD,32311078,3094.913763013416
4237,LOAD,34211711,2922.9757026767825
4238,LOAD,36408136,2746.638828200378
4239,LOAD,36584543,2733.3948110271594
4240,LOAD,36775093,2719.2317365451668
4241,LOAD,34964906,2860.0105488629083
4242,LOAD,33736730,2964.128414342469
4243,LOAD,37125937,2693.534711325939
4244,LOAD,36717968,2723.4622569527814
4245,LOAD,34575792,2892.1969451921736
4246,LOAD,33304767,3002.573175185402
4247,LOAD,34307332,2914.828818516112
4248,LOAD,35645100,2805.4346880777443
4249,LOAD,36636239,2729.5378218271803
4250,LOAD,35495385,2817.267653245626
4251,LOAD,35531307,2814.4194076508356
4252,LOAD,33611422,2975.179092393056
4253,LOAD,36069238,2772.4455947752485
4254,LOAD,33904201,2949.4869972013203
4255,LOAD,35451095,2820.787340983403
4256,LOAD,34074931,2934.7088039591335
4257,LOAD,36138224,2767.1531395676775
4258,LOAD,36061382,2773.0495741954646
4259,LOAD,36476200,2741.5136445134085
4260,LOAD,35122877,2847.1471741907703
4261,LOAD,37518219,2665.3717224690226
4262,LOAD,33220900,3010.1532469018
4263,LOAD,36783964,2718.5759533692453
4264,LOAD,36412378,2746.318847947805
4265,LOAD,35920218,2783.947469361127
4266,LOAD,36112705,2769.108545039758
4267,LOAD,36861252,2712.8758404625
4268,LOAD,35909362,2784.789103187074
4269,LOAD,36670780,2726.966811177728
4270,LOAD,32792640,3049.4647579456855
4271,LOAD,35371610,2827.1260482629996
4272,LOAD,34434471,2904.0666836438404
4273,LOAD,36695210,2725.151320839968
4274,LOAD,31267524,3198.206548110429
4275,LOAD,28513373,3507.126287724711
4276,LOAD,32653313,3062.476386393013
4277,LOAD,36151356,2766.147969663987
4278,LOAD,32390130,3087.3602544972805
4279,LOAD,34042776,2937.480774188333
4280,LOAD,31042747,3221.3643979381077
4281,LOAD,36353416,2750.7731322965633
4282,LOAD,35447891,2821.042301218992
4283,LOAD,36558105,2735.371540729477
4284,LOAD,36946668,2706.604016362179
4285,LOAD,35370703,2827.198543382075
4286,LOAD,37744359,2649.402523963912
4287,LOAD,37088202,2696.275219812489
4288,LOAD,37482041,2667.9443630084074
4289,LOAD,37746420,2649.2578633947273
4290,LOAD,37624745,2657.8253221383957
4291,LOAD,35279030,2834.5450541015443
4292,LOAD,38900093,2570.6879415429676
4293,LOAD,37969277,2633.708300529399
4294,LOAD,37009251,2702.0271228942192
4295,LOAD,37910801,2637.770697590906
4296,LOAD,38027879,2629.6496841172766
4297,LOAD,36949503,2706.396348551698
4298,LOAD,36711345,2723.953589823527
4299,LOAD,37729761,2650.4276027616497
4300,LOAD,38018278,2630.31376644676
4301,LOAD,37752349,2648.8417978971324
4302,LOAD,37422543,2672.1861205423693
4303,LOAD,37407727,2673.2444876963523
4304,LOAD,37029523,2700.54788445425
4305,LOAD,37593250,2660.0520040166784
4306,LOAD,37236485,2685.538122086443
4307,LOAD,34736836,2878.7883847567464
4308,LOAD,39265950,2546.7357850758735
4309,LOAD,38840971,2574.6009284886313
4310,LOAD,37912650,2637.642053509844
4311,LOAD,37338918,2678.170802914
4312,LOAD,35542284,2813.5501927788323
4313,LOAD,37054007,2698.763456270735
4314,LOAD,37617990,2658.3025834182
4315,LOAD,38497184,2597.592592746524
4316,LOAD,36882755,2711.2942078215146
4317,LOAD,37659175,2655.395398332544
4318,LOAD,37146834,2692.0194598549097
4319,LOAD,38179164,2619.2296929288445
4320,LOAD,34764194,2876.5228959428773
4321,LOAD,31701842,3154.3908394975915
4322,LOAD,30899629,3236.2848110571167
4323,LOAD,34262300,2918.659868134947
4324,LOAD,35489976,2817.697030846118
4325,LOAD,37595339,2659.9041971665692
4326,LOAD,37201230,2688.0831628416586
4327,LOAD,37479711,2668.1102210206477
4328,LOAD,37258928,2683.920482092238
4329,LOAD,37600170,2659.5624434676756
4330,LOAD,36998704,2702.797373659358
4331,LOAD,37794324,2645.8999504793364
4332,LOAD,37014337,2701.655847570632
4333,LOAD,38044933,2628.4709188474585
4334,LOAD,37217401,2686.9151878713938
4335,LOAD,37650736,2655.9905761204773
4336,LOAD,37307756,2680.40779509762
4337,LOAD,36856276,2713.242108345401
4338,LOAD,38383229,2605.304519846415
4339,LOAD,37496715,2666.9002871318194
4340,LOAD,37354737,2677.036649997027
4341,LOAD,37495224,2667.0063365936953
4342,LOAD,37690188,2653.2104323809685
4343,LOAD,37332417,2678.637174764227
4344,LOAD,36888530,2710.86974731712
4345,LOAD,37834598,2643.0834549900596
4346,LOAD,37526519,2664.7822037530314
4347,LOAD,38376783,2605.7421227829336
4348,LOAD,36979440,2704.205363845423
4349,LOAD,37291101,2681.6049223110895
4350,LOAD,36998759,2702.7933558528275
4351,LOAD,37845255,2642.3391783197126
4352,LOAD,38067807,2626.8915359374396
4353,LOAD,37740929,2649.6433089922084
4354,LOAD,37027915,2700.6651603256623
4355,LOAD,36277627,2756.5198793184572
4356,LOAD,36034763,2775.098035194515
4357,LOAD,37140069,2692.5098065919046
4358,LOAD,39076974,2559.0517832829123
4359,LOAD,37563334,2662.1705091459667
4360,LOAD,36600593,2732.1961696085086
4361,LOAD,36574915,2734.1143513252186
4362,LOAD,35657250,2804.4787525678507
4363,LOAD,33636339,2972.975150476394
4364,LOAD,34400614,2906.924858957459
4365,LOAD,33530245,2982.382025541418
4366,LOAD,32337966,3092.3404397172044
4367,LOAD,35842185,2790.0084774407587
4368,LOAD,37034418,2700.190941302223
4369,LOAD,36207158,2761.884818466006
4370,LOAD,34355198,2910.7676806287072
4371,LOAD,34680686,2883.4493066255955
4372,LOAD,35178186,2842.6707391904747
4373,LOAD,38457727,2600.257680335606
4374,LOAD,37344468,2677.772782838947
4375,LOAD,37265881,2683.4197211116516
4376,LOAD,37499563,2666.69774258436
4377,LOAD,35539269,2813.7888823768435
4378,LOAD,37561380,2662.308999296618
4379,LOAD,37095776,2695.724710004719
4380,LOAD,36811288,2716.55802970002
4381,LOAD,37535272,2664.160792547341
4382,LOAD,35676930,2802.931754497935
4383,LOAD,37922297,2636.971067443515
4384,LOAD,32628610,3064.794975942892
4385,LOAD,37847243,2642.200384318615
4386,LOAD,36328464,2752.662485262245
4387,LOAD,38701564,2583.874904900484
4388,LOAD,36764109,2720.044160460954
4389,LOAD,37992946,2632.06754222218
4390,LOAD,37103652,2695.152487954555
4391,LOAD,38589775,2591.3600169993215
4392,LOAD,36015280,2776.599265645026
4393,LOAD,37966816,2633.879016876211
4394,LOAD,36433678,2744.713284231145
4395,LOAD,37279914,2682.4096214385045
4396,LOAD,38607090,2590.1978108166145
4397,LOAD,36256212,2758.1480381899796
4398,LOAD,36604311,2731.918652969591
4399,LOAD,36609630,2731.5217334892486
4400,LOAD,35395663,2825.2048845645295
4401,LOAD,37137200,2692.7178139439698
4402,LOAD,35719020,2799.6288811955087
4403,LOAD,34803333,2873.28802675307
4404,LOAD,36087785,2771.020720723092
4405,LOAD,35482285,2818.307783729261
4406,LOAD,35256973,2836.3183645969834
4407,LOAD,34767116,2876.2811387634224
4408,LOAD,32684861,3059.520430574877
4409,LOAD,34711755,2880.868455080995
4410,LOAD,37875911,2640.200522173579
4411,LOAD,37221955,2686.5864514639275
4412,LOAD,33283309,3004.5089567266286
4413,LOAD,35291874,2833.5134597839715
4414,LOAD,34934700,2862.483433377129
4415,LOAD,36812200,2716.4907286171433
4416,LOAD,37556057,2662.686341114031
4417,LOAD,36899443,2710.068008343649
4418,LOAD,37822855,2643.9040627683976
4419,LOAD,37553766,2662.8487805989953
4420,LOAD,35965738,2780.4239690563277
4421,LOAD,36272527,2756.9074522985397
4422,LOAD,36025187,2775.8356951762667
4423,LOAD,36670930,2726.9556567013706
4424,LOAD,38665109,2586.3110847560265
4425,LOAD,35272760,2835.0489159339954
4426,LOAD,36505814,2739.289692321338
4427,LOAD,36593048,2732.7595121346544
4428,LOAD,35795651,2793.6354614698866
4429,LOAD,38027804,2629.6548704206007
4430,LOAD,37173020,2690.12310541355
4431,LOAD,37083265,2696.6341825618642
4432,LOAD,35205186,2840.4906027197244
4433,LOAD,33639925,2972.6582327398173
4434,LOAD,35103368,2848.729500827385
4435,LOAD,36532178,2737.3128423933554
4436,LOAD,35956553,2781.1342205132955
4437,LOAD,37519347,2665.291589429848
4438,LOAD,33833543,2955.646708356852
4439,LOAD,37447051,2670.4372528560393
4440,LOAD,36239209,2759.4421280000897
4441,LOAD,34298638,2915.567667730713
4442,LOAD,35136271,2846.061837353201
4443,LOAD,31647556,3159.8016605136904
4444,LOAD,33836209,2955.4138290137644
4445,LOAD,36660980,2727.6957680891237
4446,LOAD,34525227,2896.4328025996756
4447,LOAD,34756495,2877.1600818782217
4448,LOAD,34448929,2902.847865023612
4449,LOAD,27954278,3577.269997815719
4450,LOAD,36519036,2738.2979112592125
4451,LOAD,32141734,3111.219824045585
4452,LOAD,33799736,2958.602990271877
4453,LOAD,35401716,2824.72182986836
4454,LOAD,36982452,2703.9851224575373
4455,LOAD,35455068,2820.4712511057655
4456,LOAD,37105301,2695.0327124418154
4457,LOAD,36306443,2754.3320616674014
4458,LOAD,34610960,2889.258200292624
4459,LOAD,35291895,2833.5117737372843
4460,LOAD,37223532,2686.4726324197286
4461,LOAD,32685004,3059.5070448821116
4462,LOAD,35455558,2820.432271859887
4463,LOAD,35969810,2780.1092082499185
4464,LOAD,36790785,2718.07193024014
4465,LOAD,32565854,3070.700986376712
4466,LOAD,33924622,2947.71154708813
4467,LOAD,37368014,2676.0854885143212
4468,LOAD,37444313,2670.632520350954
4469,LOAD,36808028,2716.798628820865
4470,LOAD,37244569,2684.955221256554
4471,LOAD,30750917,3251.935543905894
4472,LOAD,36464257,2742.411562094903
4473,LOAD,34880742,2866.9114894402187
4474,LOAD,37063458,2698.0752848263646
4475,LOAD,33969627,2943.806241970217
4476,LOAD,35905971,2785.052101779952
4477,LOAD,36347954,2751.1864904418003
4478,LOAD,36680569,2726.239061340624
4479,LOAD,36270066,2757.0945142476444
4480,LOAD,37515028,2665.598436978376
4481,LOAD,36281107,2756.255480297225
4482,LOAD,37222292,2686.562127877563
4483,LOAD,32865440,3042.709910471304
4484,LOAD,34442078,2903.425281134315
4485,LOAD,35719923,2799.5581065502297
4486,LOAD,36996419,2702.9643058156516
4487,LOAD,32411122,3085.360636388953
4488,LOAD,33627497,2973.7568633193246
4489,LOAD,30724138,3254.7699141307075
4490,LOAD,36383441,2748.5030896335506
4491,LOAD,36675728,2726.5989103201987
4492,LOAD,26732087,3740.8227797552804
4493,LOAD,31737400,3150.856717941608
4494,LOAD,32656012,3062.223274538238
4495,LOAD,30329274,3297.14453435318
4496,LOAD,35020132,2855.500373328119
4497,LOAD,36538380,2736.848212756012
4498,LOAD,36893672,2710.491923926683
4499,LOAD,33275368,3005.2259677488764
4500,LOAD,32838157,3045.2378920047186
4501,LOAD,33497101,2985.33296956056
4502,LOAD,34913965,2864.183429180845
4503,LOAD,35808502,2792.632878080183
4504,LOAD,36619255,2730.8037806886023
4505,LOAD,36426670,2745.2413300474623
4506,LOAD,37163658,2690.800781774496
4507,LOAD,36969851,2704.9067630810846
4508,LOAD,37534551,2664.211968327528
4509,LOAD,32481947,3078.6331866128594
4510,LOAD,34494705,2898.995657449455
4511,LOAD,36723646,2723.0411708031384
4512,LOAD,37068317,2697.721614930616
4513,LOAD,34559910,2893.526053742617
4514,LOAD,38358864,2606.959371893808
4515,LOAD,37359990,2676.6602453587384
4516,LOAD,37757000,2648.5155070582937
4517,LOAD,38830502,2575.295060568622
4518,LOAD,37643834,2656.4775522068235
4519,LOAD,37088075,2696.2844526171825
4520,LOAD,33766417,2961.5223907233035
4521,LOAD,39836564,2510.256657677605
4522,LOAD,37105476,2695.02000189945
4523,LOAD,38882296,2571.864583305471
4524,LOAD,31723249,3152.2622414873076
4525,LOAD,36000349,2777.7508490264913
4526,LOAD,36124363,2768.2149025022254
4527,LOAD,34677930,2883.6784663905833
4528,LOAD,32919304,3037.731295898601
4529,LOAD,32099788,3115.2853719781574
4530,LOAD,36149752,2766.2707063661187
4531,LOAD,36335347,2752.1410487699486
4532,LOAD,34904278,2864.9783272984473
4533,LOAD,35907297,2784.9492541864124
4534,LOAD,37353486,2677.12630623016
4535,LOAD,37285079,2682.0380345714166
4536,LOAD,37152638,2691.598911495867
4537,LOAD,31840695,3140.634964155148
4538,LOAD,33548000,2980.803624657208
4539,LOAD,35247259,2837.1000423039986
4540,LOAD,37249819,2684.5768029101027
4541,LOAD,34297016,2915.705552926237
4542,LOAD,34807768,2872.921929380821
4543,LOAD,35231877,2838.338701057568
4544,LOAD,37184005,2689.328381921205
4545,LOAD,31761424,3148.4734437599523
4546,LOAD,34752650,2877.478408121395
4547,LOAD,35816561,2792.004514336259
4548,LOAD,37598523,2659.6789453670826
4549,LOAD,36694452,2725.2076144916946
4550,LOAD,37676989,2654.1399048634166
4551,LOAD,35592145,2809.6086931540653
4552,LOAD,39196800,2551.2286717283046
4553,LOAD,32905614,3038.9951088589323
4554,LOAD,35184073,2842.1951034492226
4555,LOAD,35804457,2792.948375114305
4556,LOAD,37312771,2680.047536539165
4557,LOAD,36754012,2720.7914063912262
4558,LOAD,38148159,2621.3584776135594
4559,LOAD,37680190,2653.9144308985706
4560,LOAD,35556972,2812.387961494584
4561,LOAD,39595422,2525.5444935023042
4562,LOAD,36494283,2740.155218284464
4563,LOAD,38611200,2589.922095143378
4564,LOAD,37679843,2653.9388712421123
4565,LOAD,36984116,2703.8634639800503
4566,LOAD,38477733,2598.9057099595757
4567,LOAD,36004682,2777.416559324146
4568,LOAD,31523452,3172.241415692672
4569,LOAD,34455087,2902.3290523109113
4570,LOAD,31152465,3210.0188540457393
4571,LOAD,32914549,3038.1701417206114
4572,LOAD,36779518,2718.9045816206726
4573,LOAD,37980971,2632.897405387556
4574,LOAD,37801811,2645.3759054030506
4575,LOAD,37492411,2667.206438124238
4576,LOAD,34412315,2905.936435836996
4577,LOAD,33314871,3001.6625308259486
4578,LOAD,36166410,2764.9965810817275
4579,LOAD,37050316,2699.0323105476346
4580,LOAD,36947158,2706.568120882261
4581,LOAD,35963745,2780.578051590567
4582,LOAD,38467453,2599.600238674497
4583,LOAD,38061033,2627.3590630080903
4584,LOAD,37677715,2654.0887630791835
4585,LOAD,37592445,2660.108966043576
4586,LOAD,37272727,2682.926848899465
4587,LOAD,37414092,2672.7897071509847
4588,LOAD,37995981,2631.8573009076936
4589,LOAD,37500940,2666.5998238977477
4590,LOAD,37775946,2647.1871809643103
4591,LOAD,37105576,2695.0127387862135
4592,LOAD,37397467,2673.977892673854
4593,LOAD,37701588,2652.4081691200913
4594,LOAD,37870992,2640.5434534168
4595,LOAD,37739114,2649.770739185875
4596,LOAD,37828106,2643.5370568116737
4597,LOAD,37377917,2675.37647964706
4598,LOAD,37598223,2659.70016721269
4599,LOAD,37647774,2656.199540509354
4600,LOAD,37253176,2684.334887312695
4601,LOAD,38040309,2628.7904233375184
4602,LOAD,36504594,2739.3812406186466
4603,LOAD,37506109,2666.232319646914
4604,LOAD,38236302,2615.3156756634053
4605,LOAD,37677360,2654.113770179227
4606,LOAD,37240509,2685.2479379376905
4607,LOAD,37973034,2633.4477250356135
4608,LOAD,37430987,2671.583306098768
4609,LOAD,38006346,2631.1395470640614
4610,LOAD,37048692,2699.150620486143
4611,LOAD,35482041,2818.3271644379197
4612,LOAD,36760816,2720.2878195086855
4613,LOAD,37585971,2660.567156825615
4614,LOAD,35556562,2812.420390925309
4615,LOAD,34904709,2864.942950820762
4616,LOAD,33402258,2993.8095801786812
4617,LOAD,36172152,2764.5576630331534
4618,LOAD,36233766,2759.856648629899
4619,LOAD,37883513,2639.670719027562
4620,LOAD,31756330,3148.9784871236698
4621,LOAD,35579165,2810.6336953101627
4622,LOAD,36792987,2717.909258087689
4623,LOAD,36949422,2706.402281475472
4624,LOAD,38115334,2623.6159966484884
4625,LOAD,37608601,2658.9662295600947
4626,LOAD,32716767,3056.5367293168056
4627,LOAD,33609620,2975.3386084103304
4628,LOAD,35581600,2810.4413517098724
4629,LOAD,38346022,2607.832436960475
4630,LOAD,37706350,2652.0731919159502
4631,LOAD,37577851,2661.1420647764025
4632,LOAD,37088000,2696.2899050905953
4633,LOAD,37666458,2654.881964213359
4634,LOAD,37282249,2682.241621206918
4635,LOAD,35280048,2834.4632637688023
4636,LOAD,35858085,2788.7713468245724
4637,LOAD,36420760,2745.6868006049294
4638,LOAD,33125055,3018.8629120766745
4639,LOAD,37583201,2660.7632489845664
4640,LOAD,36922901,2708.3462374746773
4641,LOAD,37135063,2692.872770944269
4642,LOAD,38005106,2631.225393766827
4643,LOAD,38551280,2593.9475939579697
4644,LOAD,36552543,2735.7877672149925
4645,LOAD,37756520,2648.5491777314223
4646,LOAD,36918825,2708.6452507629915
4647,LOAD,37601524,2659.4666748081804
4648,LOAD,37814787,2644.46815474592
4649,LOAD,37812117,2644.654886686191
4650,LOAD,38226554,2615.9825968095374
4651,LOAD,38275491,2612.637941078274
4652,LOAD,36911147,2709.2086843034167
4653,LOAD,36515503,2738.562850962234
4654,LOAD,37213151,2687.2220522255693
4655,LOAD,36253891,2758.324616797684
4656,LOAD,36226762,2760.390233054779
4657,LOAD,36881520,2711.384997147623
4658,LOAD,32085104,3116.711106811435
4659,LOAD,34853861,2869.1225916118733
4660,LOAD,33574399,2978.4598675913753
4661,LOAD,35345515,2829.2132679351257
4662,LOAD,34145726,2928.6242149310283
4663,LOAD,38148571,2621.330167255806
4664,LOAD,37149614,2691.8180091992344
4665,LOAD,36742016,2721.6797249230963
4666,LOAD,36154455,2765.9108676925152
4667,LOAD,37429615,2671.6812342312364
4668,LOAD,33200161,3012.033586222669
4669,LOAD,36244651,2759.0278079929644
4670,LOAD,37043513,2699.5279848323244
4671,LOAD,37539930,2663.8302202481464
4672,LOAD,36888583,2710.865852450879
4673,LOAD,37154214,2691.4847397929075
4674,LOAD,36596361,2732.5121205357
4675,LOAD,37033990,2700.2221472760566
4676,LOAD,36722764,2723.1065722612816
4677,LOAD,37411041,2673.0076824111898
4678,LOAD,35676292,2802.9818793948652
4679,LOAD,35721286,2799.4512851524996
4680,LOAD,35622995,2807.175533668632
4681,LOAD,36913816,2709.012798893509
4682,LOAD,38173099,2619.6458401242194
4683,LOAD,36199745,2762.450398476564
4684,LOAD,38540904,2594.6459377289125
4685,LOAD,37444807,2670.59728736217
4686,LOAD,38127380,2622.787088963364
4687,LOAD,36555529,2735.5642972640335
4688,LOAD,38483915,2598.488225535266
4689,LOAD,36473494,2741.7170397768855
4690,LOAD,37486510,2667.6263007679295
4691,LOAD,35980041,2779.3186783750466
4692,LOAD,36837233,2714.644718293581
4693,LOAD,37071879,2697.462408096444
4694,LOAD,37208385,2687.5662569068772
4695,LOAD,37668033,2654.770956582734
4696,LOAD,33429797,2991.34332164805
4697,LOAD,35235799,2838.022773373182
4698,LOAD,35840130,2790.1684508398826
4699,LOAD,34756940,2877.123245026749
4700,LOAD,33224275,3009.8474684549174
4701,LOAD,35196684,2841.1767426726906
4702,LOAD,36584420,2733.404000938104
4703,LOAD,35805555,2792.862727585147
4704,LOAD,32115641,3113.7475973155883
4705,LOAD,35538851,2813.8219775310126
4706,LOAD,36814584,2716.314816975794
4707,LOAD,34937773,2862.2316596996607
4708,LOAD,33857449,2953.5597912293983
4709,LOAD,33908108,2949.147147932878
4710,LOAD,32218811,3103.7768588046283
4711,LOAD,34157758,2927.592613074898
4712,LOAD,36373394,2749.2622767069797
4713,LOAD,35129412,2846.6175294935197
4714,LOAD,36509442,2739.0174848467964
4715,LOAD,34218510,2922.394926021034
4716,LOAD,36919000,2708.632411495436
4717,LOAD,36501385,2739.622071874807
4718,LOAD,35300609,2832.812317770495
4719,LOAD,35732712,2798.5561241475316
4720,LOAD,36955645,2705.946547543684
4721,LOAD,34912363,2864.314856029653
4722,LOAD,38364319,2606.588689870919
4723,LOAD,34623378,2888.2219406783474
4724,LOAD,37659519,2655.3711426850673
4725,LOAD,36997792,2702.863997938039
4726,LOAD,38561449,2593.2635467095647
4727,LOAD,38287599,2611.811725253391
4728,LOAD,39158967,2553.6935129059966
4729,LOAD,37753908,2648.732417316904
4730,LOAD,38007833,2631.03660763822
4731,LOAD,37235741,2685.5917812942143
4732,LOAD,36780490,2718.8327289821314
4733,LOAD,37940993,2635.671659937841
4734,LOAD,38142650,2621.7370843399713
4735,LOAD,32606294,3066.8925453472266
4736,LOAD,34848654,2869.551288838875
4737,LOAD,34745188,2878.0963856059725
4738,LOAD,37595990,2659.858139126008
4739,LOAD,33902341,2949.648816286757
4740,LOAD,34740918,2878.450131916491
4741,LOAD,35186762,2841.977900666165
4742,LOAD,36225012,2760.523585195776
4743,LOAD,36551105,2735.895399058387
4744,LOAD,37770427,2647.57398691839
4745,LOAD,36919934,2708.5638885486633
4746,LOAD,38273030,2612.8059367131373
4747,LOAD,38110650,2623.938452899649
4748,LOAD,35081405,2850.5129711880127
4749,LOAD,37657488,2655.5143561354917
4750,LOAD,38830868,2575.270787147998
4751,LOAD,35943723,2782.126937713158
4752,LOAD,36286630,2755.835964927027
4753,LOAD,37886066,2639.492841510649
4754,LOAD,36377226,2748.972667679498
4755,LOAD,33633216,2973.2512049992483
4756,LOAD,37047794,2699.216045090296
4757,LOAD,35698448,2801.242227673315
4758,LOAD,37890199,2639.2049300136955
4759,LOAD,37703580,2652.2680339638837
4760,LOAD,38228293,2615.8635961066843
4761,LOAD,35992884,2778.3269604069515
4762,LOAD,37573134,2661.4761494210197
4763,LOAD,38835966,2574.9327311698644
4764,LOAD,37337602,2678.2651976417765
4765,LOAD,37749717,2649.0264814435563
4766,LOAD,37013636,2701.7070141393297
4767,LOAD,37817248,2644.2960630027865
4768,LOAD,37729598,2650.4390531804765
4769,LOAD,37338812,2678.178405890364
4770,LOAD,36669260,2727.0798483525436
4771,LOAD,38562906,2593.1655669310812
4772,LOAD,37905936,2638.1092396715912
4773,LOAD,38366881,2606.4146314108775
4774,LOAD,36777737,2719.0362473906425
4775,LOAD,37599897,2659.581753641506
4776,LOAD,37135087,2692.871030570091
4777,LOAD,37648767,2656.129482274944
4778,LOAD,37999349,2631.624031243272
4779,LOAD,38061258,2627.343531314703
4780,LOAD,36923926,2708.271054383545
4781,LOAD,36366655,2749.7717345738834
4782,LOAD,37127577,2693.4157324621533
4783,LOAD,37012978,2701.755043865965
4784,LOAD,37273840,2682.846736477916
4785,LOAD,38882121,2571.8761587105805
4786,LOAD,37830090,2643.3984164457443
4787,LOAD,36632372,2729.8259583081326
4788,LOAD,36642609,2729.0633153332506
4789,LOAD,37427830,2671.808651476722
4790,LOAD,38421549,2602.7061012037802
4791,LOAD,37532586,2664.3514518290854
4792,LOAD,37997249,2631.769473626893
4793,LOAD,37058621,2698.427445532849
4794,LOAD,37781652,2646.787387698135
4795,LOAD,37083096,2696.6464720205668
4796,LOAD,38519060,2596.117350734935
4797,LOAD,37075370,2697.2084162612537
4798,LOAD,38439726,2601.4753591115605
4799,LOAD,36154818,2765.883097516906
4800,LOAD,38649001,2587.3889987479884
4801,LOAD,37775249,2647.2360248373216
4802,LOAD,38907321,2570.210372490051
4803,LOAD,36361549,2750.1578659368997
4804,LOAD,37282350,2682.2343548622875
4805,LOAD,36125188,2768.1516840825852
4806,LOAD,38240755,2615.011131448634
4807,LOAD,38912285,2569.8824934079303
4808,LOAD,36667708,2727.1952749269194
4809,LOAD,37507961,2666.100671268161
4810,LOAD,37738628,2649.8048630702738
4811,LOAD,38277106,2612.527707815737
4812,LOAD,36847728,2713.8715309665768
4813,LOAD,35825365,2791.318385730334
4814,LOAD,35984032,2779.010423289975
4815,LOAD,36738276,2721.9567951419385
4816,LOAD,38063955,2627.157372374994
4817,LOAD,36831803,2715.0449300567775
4818,LOAD,37975792,2633.256470332469
4819,LOAD,39292295,2545.028230089385
4820,LOAD,38149229,2621.284954408908
4821,LOAD,36693629,2725.2687380689435
4822,LOAD,36724798,2722.95575322157
4823,LOAD,38299959,2610.968852473184
4824,LOAD,36071083,2772.3037869420223
4825,LOAD,35909427,2784.7840624134715
4826,LOAD,36046227,2774.2154539502844
4827,LOAD,37018916,2701.3216702509603
4828,LOAD,33152188,3016.392160903528
4829,LOAD,35592815,2809.555805012894
4830,LOAD,36233669,2759.8640369541376
4831,LOAD,35508954,2816.191093660489
4832,LOAD,32625823,3065.0567803301087
4833,LOAD,35601548,2808.866625687175
4834,LOAD,36586523,2733.2468843787096
4835,LOAD,36005703,2777.3378011811074
4836,LOAD,31472956,3177.3310393850516
4837,LOAD,36287036,2755.8051310666433
4838,LOAD,36447426,2743.6779760524105
4839,LOAD,35891374,2786.1847807776876
4840,LOAD,32013973,3123.636044798314
4841,LOAD,36718922,2723.3914982580372
4842,LOAD,35814576,2792.1592594032104
4843,LOAD,36717019,2723.5326484429465
4844,LOAD,38891335,2571.2668387444146
4845,LOAD,37769250,2647.656493046592
4846,LOAD,37005642,2702.2906398975592
4847,LOAD,37084922,2696.513693624595
4848,LOAD,35367475,2827.456582637013
4849,LOAD,35810631,2792.466851533557
4850,LOAD,37534181,2664.2382312804425
4851,LOAD,30246590,3306.1578181209848
4852,LOAD,35642390,2805.6479938634866
4853,LOAD,37028716,2700.6067399150434
4854,LOAD,37243723,2685.0162106511207
4855,LOAD,34807990,2872.903606327168
4856,LOAD,35582174,2810.396014588653
4857,LOAD,36023952,2775.930858446625
4858,LOAD,36012425,2776.8193894190686
4859,LOAD,35403662,2824.5665660235936
4860,LOAD,36745456,2721.424929384466
4861,LOAD,36025801,2775.7883856628196
4862,LOAD,35273022,2835.0278578342395
4863,LOAD,33154177,3016.211200175471
4864,LOAD,34634361,2887.3060484644134
4865,LOAD,36246930,2758.8543360775657
4866,LOAD,34643250,2886.5652038997496
4867,LOAD,37551827,2662.986277605082
4868,LOAD,37013594,2701.71007981554
4869,LOAD,35613570,2807.9184423240918
4870,LOAD,33977921,2943.0876597776537
4871,LOAD,35294322,2833.316928428318
4872,LOAD,32746083,3053.8003583512573
4873,LOAD,34510478,2897.670672657736
4874,LOAD,36015542,2776.579066892843
4875,LOAD,36227461,2760.3369720003284
4876,LOAD,32535595,3073.5568229196365
4877,LOAD,34165494,2926.9297262319697
4878,LOAD,36589818,2733.0007490061853
4879,LOAD,34864188,2868.2727387771083
4880,LOAD,35994154,2778.2289312870084
4881,LOAD,38131798,2622.4832094201274
4882,LOAD,34289229,2916.367702522562
4883,LOAD,33033116,3027.2651238835597
4884,LOAD,37493253,2667.1465396720846
4885,LOAD,37289666,2681.7081172033027
4886,LOAD,36748308,2721.213722275322
4887,LOAD,34955427,2860.786109121196
4888,LOAD,34999366,2857.1946131824216
4889,LOAD,33914974,2948.550100613375
4890,LOAD,36709095,2724.1205483273284
4891,LOAD,34790301,2874.3643235509803
4892,LOAD,38643629,2587.7486816779033
4893,LOAD,37550186,2663.1026541386505
4894,LOAD,37808460,2644.9106893007543
4895,LOAD,37434094,2671.36156681126
4896,LOAD,37343294,2677.85696676892
4897,LOAD,37140208,2692.499729673027
4898,LOAD,37713757,2651.552323466474
4899,LOAD,37780410,2646.8743986632226
4900,LOAD,37314714,2679.907984823359
4901,LOAD,37023507,2700.9867001524194
4902,LOAD,37190894,2688.8302281735955
4903,LOAD,36949581,2706.3906353904254
4904,LOAD,38217210,2616.622197172426
4905,LOAD,37462725,2669.31997071756
4906,LOAD,37072459,2697.420206196735
4907,LOAD,37274329,2682.8115403499282
4908,LOAD,36577185,2733.944670701149
4909,LOAD,36170645,2764.672844512449
4910,LOAD,31807326,3143.9297978082154
4911,LOAD,34193750,2924.5110583074393
4912,LOAD,37359089,2676.7247991512854
4913,LOAD,37889984,2639.2199057143966
4914,LOAD,36661040,2727.691303901908
4915,LOAD,37551860,2662.9839374134863
4916,LOAD,37322029,2679.3827313086326
4917,LOAD,37328050,2678.950547912361
4918,LOAD,36812713,2716.4528732234435
4919,LOAD,37824032,2643.8217903368945
4920,LOAD,36963126,2705.3988886113148
4921,LOAD,38107072,2624.184823226513
4922,LOAD,37910875,2637.7655488036085
4923,LOAD,37434950,2671.300482570432
4924,LOAD,37798048,2645.6392668743106
4925,LOAD,37063903,2698.04289094972
4926,LOAD,37247393,2684.7516549681745
4927,LOAD,37500583,2666.625209533409
4928,LOAD,37335107,2678.4441785582667
4929,LOAD,36965943,2705.1927229341886
4930,LOAD,37879048,2639.9818707164973
4931,LOAD,38105973,2624.2605063515894
4932,LOAD,37628507,2657.5595996939237
4933,LOAD,36958777,2705.717237342567
4934,LOAD,37255162,2684.1917906570907
4935,LOAD,37044859,2699.429899301277
4936,LOAD,37937258,2635.9311471588167
4937,LOAD,37206790,2687.6814688931777
4938,LOAD,37530209,2664.5202002472192
4939,LOAD,37065056,2697.958961669989
4940,LOAD,38042926,2628.6095869702554
4941,LOAD,36946000,2706.6529529583713
4942,LOAD,38056647,2627.6618641679074
4943,LOAD,37149123,2691.853586960855
4944,LOAD,37776718,2647.133083398087
4945,LOAD,36876381,2711.7628489628632
4946,LOAD,38261704,2613.5793638464193
4947,LOAD,37297535,2681.1423328646247
4948,LOAD,37797413,2645.6837138562896
4949,LOAD,37234222,2685.701342168503
4950,LOAD,37482838,2667.887634335479
4951,LOAD,37579435,2661.0298957395185
4952,LOAD,36527524,2737.6616055334052
4953,LOAD,35370455,2827.2183662890397
4954,LOAD,32074681,3117.723914385929
4955,LOAD,34087220,2933.65079346453
4956,LOAD,45287584,2208.110726330643
4957,LOAD,36480615,2741.181857816816
4958,LOAD,33868080,2952.632685407617
4959,LOAD,34081530,2934.1405740880764
4960,LOAD,35298362,2832.992647080904
4961,LOAD,36046604,2774.1864393106216
4962,LOAD,29948811,3339.030721453349
4963,LOAD,34483552,2899.933278335132
4964,LOAD,35006033,2856.650452223478
4965,LOAD,35623623,2807.1260466685267
4966,LOAD,35167177,2843.5606304139797
4967,LOAD,38110923,2623.919656839589
4968,LOAD,37542708,2663.6331081924086
4969,LOAD,37453851,2669.952416909012
4970,LOAD,36785428,2718.4677584830606
4971,LOAD,37385244,2674.852142198136
4972,LOAD,37189592,2688.9243635692483
4973,LOAD,37598721,2659.6649391344986
4974,LOAD,36526721,2737.7217900287296
4975,LOAD,37614503,2658.5490176488574
4976,LOAD,32322272,3093.8419180433852
4977,LOAD,36988091,2703.5728878248947
4978,LOAD,35545597,2813.2879579994114
4979,LOAD,36709271,2724.1074877242863
4980,LOAD,37754963,2648.6584028701077
4981,LOAD,36858574,2713.0729474233053
4982,LOAD,38119176,2623.351564577367
4983,LOAD,37945445,2635.3624262411467
4984,LOAD,37704860,2652.1779950913487
4985,LOAD,37320226,2679.5121765875692
4986,LOAD,38199684,2617.8227024076955
4987,LOAD,38203084,2617.589721290564
4988,LOAD,36390559,2747.9654819262323
4989,LOAD,36652898,2728.297227684425
4990,LOAD,37568565,2661.799831854105
4991,LOAD,36874270,2711.918093564971
4992,LOAD,36410691,2746.446091890978
4993,LOAD,37943969,2635.464940423075
4994,LOAD,36622323,2730.5750102198595
4995,LOAD,36729464,2722.6098371596167
4996,LOAD,33679083,2969.201982132352
4997,LOAD,35769928,2795.6444307072693
4998,LOAD,35063200,2851.992972689315
4999,LOAD,34538448,2895.32407478182
5000,LOAD,30430603,3286.1655748326775
5001,LOAD,32814663,3047.418161813821
5002,LOAD,31778134,3146.8178716849766
5003,LOAD,34251241,2919.602241565495
5004,LOAD,33696809,2967.640051614383
5005,LOAD,36040258,2774.6749204736548
5006,LOAD,36141652,2766.8906778251308
5007,LOAD,36319078,2753.3738604267432
5008,LOAD,36200746,2762.3740129554235
5009,LOAD,31879285,3136.8332131664806
5010,LOAD,34374210,2909.1577668257687
5011,LOAD,30886289,3237.682584657548
5012,LOAD,33737752,2964.038623557373
5013,LOAD,32180975,3107.4260490864554
5014,LOAD,36578136,2733.873590496793
5015,LOAD,35276611,2834.7394255077393
5016,LOAD,35264539,2835.7098330421954
5017,LOAD,37163893,2690.7837669212963
5018,LOAD,34830197,2871.0719034979907
5019,LOAD,34471540,2900.943793053632
5020,LOAD,35032784,2854.469116699375
5021,LOAD,36675418,2726.6219569740147
5022,LOAD,33831059,2955.863722740692
5023,LOAD,36181022,2763.879914724355
5024,LOAD,36601775,2732.1079373882826
5025,LOAD,34601304,2890.064490055057
5026,LOAD,36426444,2745.2583623040446
5027,LOAD,37304225,2680.661506840043
5028,LOAD,33794765,2959.038182393042
5029,LOAD,38755423,2580.284054698616
5030,LOAD,37696083,2652.7955172424677
5031,LOAD,34827949,2871.257219309699
5032,LOAD,38233998,2615.473275904864
5033,LOAD,35405061,2824.4549557477108
5034,LOAD,38904795,2570.377250413477
5035,LOAD,38807171,2576.8433365060287
5036,LOAD,37387831,2674.66705945044
5037,LOAD,35190587,2841.6689951776025
5038,LOAD,35327288,2830.6729913714294
5039,LOAD,35189596,2841.749021500559
5040,LOAD,34036317,2938.038213711548
5041,LOAD,34300431,2915.415261108527
5042,LOAD,34285127,2916.7166275919003
5043,LOAD,34202333,2923.7771587101965
5044,LOAD,34237089,2920.8090676167008
5045,LOAD,36775234,2719.2213107331963
5046,LOAD,36719611,2723.340397042877
5047,LOAD,34139229,2929.181558259561
5048,LOAD,34780862,2875.1443825630313
5049,LOAD,36993994,2703.141488318347
5050,LOAD,37099895,2695.425418319917
5051,LOAD,37915802,2637.4227821951386
5052,LOAD,37245468,2684.890414049838
5053,LOAD,34392873,2907.579137107854
5054,LOAD,38248881,2614.455570608719
5055,LOAD,36133370,2767.5248669028106
5056,LOAD,34022022,2939.2726863794283
5057,LOAD,36539342,2736.776157600211
5058,LOAD,36057172,2773.3733527410304
5059,LOAD,37120446,2693.9331494023536
5060,LOAD,37326286,2679.077152224574
5061,LOAD,32735171,3054.818317582639
5062,LOAD,34539416,2895.242930569527
5063,LOAD,36765944,2719.908402188721
5064,LOAD,36212078,2761.50957147502
5065,LOAD,37266422,2683.3807656662075
5066,LOAD,36874439,2711.905664517364
5067,LOAD,37769691,2647.6255789331185
5068,LOAD,37968479,2633.7636543196795
5069,LOAD,38256886,2613.9085130974854
5070,LOAD,37008409,2702.0885982966734
5071,LOAD,37116170,2694.243506266945
5072,LOAD,34551195,2894.2559005556823
5073,LOAD,34597492,2890.382921397886
5074,LOAD,34750095,2877.689974660501
5075,LOAD,36442570,2744.043573216708
5076,LOAD,36884092,2711.195926959514
5077,LOAD,37883484,2639.6727397089458
5078,LOAD,37358835,2676.74299800837
5079,LOAD,37672518,2654.454899988368
5080,LOAD,37289188,2681.74249329323
5081,LOAD,36765445,2719.9453182193224
5082,LOAD,34202522,2923.761002185745
5083,LOAD,33744167,2963.4751392737003
5084,LOAD,34490879,2899.317236884569
5085,LOAD,37409202,2673.1390848700808
5086,LOAD,36709177,2724.1144632580567
5087,LOAD,37797004,2645.712342703141
5088,LOAD,37317249,2679.725935853417
5089,LOAD,37468374,2668.9175249505092
5090,LOAD,37171591,2690.226522722689
5091,LOAD,36589044,2733.058562557688
5092,LOAD,38309722,2610.3034629173244
5093,LOAD,37790075,2646.1974473456326
5094,LOAD,37401909,2673.66032038632
5095,LOAD,36537447,2736.9180993953955
5096,LOAD,38109603,2624.010541385068
5097,LOAD,37265550,2683.4435557773872
5098,LOAD,37322390,2679.3568150378364
5099,LOAD,37147950,2691.9385861130963
5100,LOAD,38281060,2612.257863288007
5101,LOAD,37690271,2653.2045895875885
5102,LOAD,37155513,2691.390642352321
5103,LOAD,36339325,2751.839776880831
5104,LOAD,38668179,2586.105748605333
5105,LOAD,37537808,2663.980805698617
5106,LOAD,37660720,2655.286462924766
5107,LOAD,36958503,2705.737296773086
5108,LOAD,37373477,2675.694316587135
5109,LOAD,37404905,2673.4461696935205
5110,LOAD,37703245,2652.2915998344442
5111,LOAD,37778374,2647.017047372129
5112,LOAD,37750031,2649.0044471751557
5113,LOAD,37807356,2644.9879224561487
5114,LOAD,37042120,2699.629502847029
5115,LOAD,37843575,2642.456480393303
5116,LOAD,37741995,2649.5684714069835
5117,LOAD,38230738,2615.696301755933
5118,LOAD,35620531,2807.369716077506
5119,LOAD,37656148,2655.6088530351003
5120,LOAD,43643877,2291.2721525633483
5121,LOAD,37927534,2636.6069568351054
5122,LOAD,38217560,2616.598233900856
5123,LOAD,38204202,2617.5131206771443
5124,LOAD,36816497,2716.173676164791
5125,LOAD,37835821,2642.9980203151927
5126,LOAD,38186550,2618.7230844367978
5127,LOAD,37680683,2653.87970807217
5128,LOAD,37285693,2681.993868264699
5129,LOAD,37177879,2689.771517089504
5130,LOAD,36483932,2740.932638510564
5131,LOAD,38301694,2610.85058013361
5132,LOAD,37642809,2656.5498871245236
5133,LOAD,36147113,2766.4726640824674
5134,LOAD,38767779,2579.461670992295
5135,LOAD,36771934,2719.4653400607103
5136,LOAD,37776374,2647.1571887762443
5137,LOAD,36711096,2723.972065557509
5138,LOAD,37212152,2687.294193574185
5139,LOAD,36379344,2748.8126228994124
5140,LOAD,37269172,2683.1827656380456
5141,LOAD,37409092,2673.1469451330177
5142,LOAD,33898696,2949.9659809923073
5143,LOAD,34382743,2908.4357812871417
5144,LOAD,38196240,2618.058740860357
5145,LOAD,37094666,2695.805375360436
5146,LOAD,37693139,2653.0027122442625
5147,LOAD,36766937,2719.8349430087146
5148,LOAD,37774092,2647.3171082444546
5149,LOAD,37715405,2651.4364621034824
5150,LOAD,38037310,2628.9976867449354
5151,LOAD,37890793,2639.1635561704925
5152,LOAD,36293015,2755.3511329934972
5153,LOAD,38114215,2623.6930237183165
5154,LOAD,37684136,2653.6365328901265
5155,LOAD,37146028,2692.077871690615
5156,LOAD,37461763,2669.388517566565
5157,LOAD,38072313,2626.580633543331
5158,LOAD,37434946,2671.3007680043133
5159,LOAD,36120437,2768.5157851218687
5160,LOAD,39362438,2540.4930456797415
5161,LOAD,37694745,2652.8896799805916
5162,LOAD,35812811,2792.2968682910705
5163,LOAD,37914356,2637.523369775818
5164,LOAD,36368444,2749.636470562227
5165,LOAD,35706221,2800.632416407214
5166,LOAD,36532556,2737.2845195939753
5167,LOAD,36863906,2712.680528210982
5168,LOAD,30218894,3309.1879537351697
5169,LOAD,35318875,2831.3472612024025
5170,LOAD,36218406,2761.0270866144688
5171,LOAD,37013737,2701.699641946448
5172,LOAD,31424373,3182.2432861269817
5173,LOAD,35200365,2840.879632924261
5174,LOAD,33849782,2954.228774649125
5175,LOAD,35466360,2819.5732519491708
5176,LOAD,35679030,2802.766779253808
5177,LOAD,34900529,2865.2860820533697
5178,LOAD,33913055,2948.716946910268
5179,LOAD,39045166,2561.1365053487034
5180,LOAD,33736712,2964.1299958336185
5181,LOAD,34452044,2902.5854024800387
5182,LOAD,36043607,2774.4171109178947
5183,LOAD,34561625,2893.3824726123266
5184,LOAD,35444215,2821.3348779201347
5185,LOAD,37671501,2654.5265610733163
5186,LOAD,36668220,2727.1571949770128
5187,LOAD,34101987,2932.380450441202
5188,LOAD,36292080,2755.4221196470417
5189,LOAD,34277731,2917.3459585174996
5190,LOAD,37448014,2670.368580827811
5191,LOAD,34767984,2876.209330975302
5192,LOAD,36238925,2759.4637534088
5193,LOAD,36376657,2749.0156668327168
5194,LOAD,36088500,2770.9658201366087
5195,LOAD,36343823,2751.4992024917137
5196,LOAD,33031258,3027.4354067895324
5197,LOAD,35723136,2799.3063095020552
5198,LOAD,36711385,2723.950621857497
5199,LOAD,35879886,2787.076859720234
5200,LOAD,35507141,2816.33488880448
5201,LOAD,32940292,3035.795796831431
5202,LOAD,34858497,2868.7410131308875
5203,LOAD,36243045,2759.1500658954014
5204,LOAD,36168574,2764.8311487204332
5205,LOAD,37535643,2664.134460144988
5206,LOAD,36100854,2770.01757354549
5207,LOAD,35703042,2800.8817848070203
5208,LOAD,37169298,2690.3924846791565
5209,LOAD,33023231,3028.171289478004
5210,LOAD,36071502,2772.271584365963
5211,LOAD,31661757,3158.384419411721
5212,LOAD,34105299,2932.095684016727
5213,LOAD,35910342,2784.7131057676925
5214,LOAD,33109179,3020.3104703985564
5215,LOAD,33195686,3012.439628450516
5216,LOAD,33816006,2957.1795084256846
5217,LOAD,33251522,3007.381135816881
5218,LOAD,37891452,2639.117656404405
5219,LOAD,36385605,2748.33962496982
5220,LOAD,36274094,2756.7883570021077
5221,LOAD,36439226,2744.29539200421
5222,LOAD,32919619,3037.70222857075
5223,LOAD,35941531,2782.296613908851
5224,LOAD,36105343,2769.6731755186483
5225,LOAD,35784915,2794.4735931327486
5226,LOAD,32697534,3058.334613246369
5227,LOAD,36383304,2748.5134390213707
5228,LOAD,35433056,2822.2234063017313
5229,LOAD,35984551,2778.9703420226083
5230,LOAD,36402395,2747.071998971496
5231,LOAD,37622998,2657.9487365679897
5232,LOAD,37899883,2638.530572772481
5233,LOAD,37390754,2674.457968940664
5234,LOAD,36255126,2758.230656818018
5235,LOAD,38173202,2619.6387717226344
5236,LOAD,37660807,2655.2803289637422
5237,LOAD,37665764,2654.9308809984577
5238,LOAD,38005977,2631.165092795799
5239,LOAD,38087553,2625.529657943633
5240,LOAD,36363707,2749.9946581353765
5241,LOAD,37202720,2687.9755028664567
5242,LOAD,37384550,2674.901797667753
5243,LOAD,37984708,2632.6383764750803
5244,LOAD,37948681,2635.1377008333966
5245,LOAD,36991302,2703.3382063707845
5246,LOAD,37761296,2648.2141926484724
5247,LOAD,37774059,2647.319420981473
5248,LOAD,37520504,2665.2094012383204
5249,LOAD,37659655,2655.361553365266
5250,LOAD,36884661,2711.154102785437
5251,LOAD,35892703,2786.081616645032
5252,LOAD,33694286,2967.8622660233846
5253,LOAD,34499607,2898.5837432872786
5254,LOAD,33465904,2988.1159044739984
5255,LOAD,35765070,2796.0241654776573
5256,LOAD,34179986,2925.688734922244
5257,LOAD,35590770,2809.7172384862706
5258,LOAD,31253924,3199.5982328490977
5259,LOAD,33728817,2964.8238181611882
5260,LOAD,35847193,2789.6187018046294
5261,LOAD,38150767,2621.1792806157737
5262,LOAD,37564166,2662.111545348831
5263,LOAD,37983022,2632.7552346940693
5264,LOAD,35807219,2792.732940248725
5265,LOAD,38888228,2571.4722717630643
5266,LOAD,31194449,3205.6985523289736
5267,LOAD,34471266,2900.9668516381153
5268,LOAD,36444395,2743.9061617019574
5269,LOAD,35976329,2779.605445569502
5270,LOAD,38428424,2602.2404665879612
5271,LOAD,38675379,2585.6243063577995
5272,LOAD,37899067,2638.5873826392617
5273,LOAD,37200418,2688.141837546019
5274,LOAD,37385736,2674.8169408782
5275,LOAD,38344902,2607.9086080334746
5276,LOAD,37503187,2666.4400548145413
5277,LOAD,38098940,2624.7449404104154
5278,LOAD,37654206,2655.7458149562362
5279,LOAD,37275805,2682.705309784725
5280,LOAD,36137692,2767.1938761335396
5281,LOAD,38629516,2588.694095986085
5282,LOAD,37391235,2674.423564773937
5283,LOAD,37325416,2679.13959753322
5284,LOAD,37188955,2688.9704214598123
5285,LOAD,37745377,2649.331069073704
5286,LOAD,37236548,2685.533578461677
5287,LOAD,38260572,2613.656690757263
5288,LOAD,36091127,2770.76412714959
5289,LOAD,38875439,2572.3182187087327
5290,LOAD,36761767,2720.2174476542436
5291,LOAD,38657628,2586.8115860600656
5292,LOAD,37037930,2699.9349045694507
5293,LOAD,36187425,2763.3908740398083
5294,LOAD,36842551,2714.2528757034224
5295,LOAD,36005514,2777.352379971579
5296,LOAD,35336799,2829.9111076812587
5297,LOAD,34627690,2887.8622859335983
5298,LOAD,31032869,3222.3897829105003
5299,LOAD,32112523,3114.049929991487
5300,LOAD,28892089,3461.155058742897
5301,LOAD,35020329,2855.484310270186
5302,LOAD,35594881,2809.3927326235475
5303,LOAD,35250784,2836.8163386096603
5304,LOAD,32892081,3040.2454621220227
5305,LOAD,35022749,2855.2870021710746
5306,LOAD,36148526,2766.3645261773604
5307,LOAD,36862880,2712.7560299141032
5308,LOAD,36712852,2723.8417761714613
5309,LOAD,36880528,2711.457927066554
5310,LOAD,35012540,2856.1195503096887
5311,LOAD,35863920,2788.317618375236
5312,LOAD,33812720,2957.4668941155874
5313,LOAD,33844986,2954.6474033110844
5314,LOAD,33334165,2999.925151867461
5315,LOAD,37100700,2695.36693377753
5316,LOAD,34647325,2886.2257042931888
5317,LOAD,37225470,2686.3327716211506
5318,LOAD,35015308,2855.8937708044723
5319,LOAD,37477586,2668.2615043562305
5320,LOAD,36296066,2755.1195217685577
5321,LOAD,35817965,2791.895072765859
5322,LOAD,35813888,2792.21289796852
5323,LOAD,37366533,2676.191553548733
5324,LOAD,37202616,2687.9830171082594
5325,LOAD,36988161,2703.5677713201258
5326,LOAD,36355556,2750.611213317711
5327,LOAD,37656326,2655.5963000745214
5328,LOAD,36090060,2770.846044589563
5329,LOAD,37242252,2685.122263820136
5330,LOAD,28376845,3523.999937272801
5331,LOAD,36777974,2719.0187257188227
5332,LOAD,36909774,2709.309463666724
5333,LOAD,38023902,2629.9247247165745
5334,LOAD,33631519,2973.4012311486736
5335,LOAD,35889992,2786.292067159001
5336,LOAD,35284167,2834.132374444322
5337,LOAD,36159947,2765.490779065578
5338,LOAD,34943629,2861.751994905853
5339,LOAD,36179633,2763.9860249549797
5340,LOAD,32777963,3050.8302178509384
5341,LOAD,35953290,2781.3866269262144
5342,LOAD,33814968,2957.270283384565
5343,LOAD,35648158,2805.1940299411826
5344,LOAD,33779972,2960.334010934053
5345,LOAD,34836487,2870.5535090263265
5346,LOAD,35680256,2802.6704741131903
5347,LOAD,37667191,2654.830300459623
5348,LOAD,36329574,2752.578381458588
5349,LOAD,37062689,2698.1312661906427
5350,LOAD,32711847,3056.9964453551033
5351,LOAD,34230466,2921.374193386675
5352,LOAD,35860347,2788.595436625307
5353,LOAD,37136213,2692.7893805434605
5354,LOAD,34549831,2894.370163489367
5355,LOAD,37338274,2678.2169952472896
5356,LOAD,38226625,2615.977738029449
5357,LOAD,38007257,2631.076480999405
5358,LOAD,37323074,2679.307711899615
5359,LOAD,32037178,3121.3735491933776
5360,LOAD,34753471,2877.4104318961404
5361,LOAD,37574804,2661.3578609751366
5362,LOAD,34925433,2863.2429553557718
5363,LOAD,38917415,2569.5437376814466
5364,LOAD,37475973,2668.376348760845
5365,LOAD,37566548,2661.9427475742514
5366,LOAD,37189796,2688.9096138091213
5367,LOAD,37522386,2665.075723063027
5368,LOAD,37836087,2642.979439179321
5369,LOAD,35623540,2807.132587047778
5370,LOAD,38851626,2573.8948480560375
5371,LOAD,37866411,2640.8629008965227
5372,LOAD,38152809,2621.0389908643424
5373,LOAD,37840153,2642.6954457610145
5374,LOAD,37124484,2693.6401324796866
5375,LOAD,36716611,2723.562912709999
5376,LOAD,36014926,2776.626557555609
5377,LOAD,40345198,2478.6097220293727
5378,LOAD,37195901,2688.4682804161675
5379,LOAD,36773316,2719.3631382059752
5380,LOAD,37586880,2660.5028137477757
5381,LOAD,36659261,2727.8236732595346
5382,LOAD,37696841,2652.742175398729
5383,LOAD,37977794,2633.1176581767754
5384,LOAD,37685365,2653.549992152126
5385,LOAD,37261354,2683.7457382788616
5386,LOAD,38016541,2630.4339471600006
5387,LOAD,36334314,2752.21929331045
5388,LOAD,37980262,2632.9465552396664
5389,LOAD,36313604,2753.7889106242387
5390,LOAD,38418100,2602.939760165131
5391,LOAD,37748653,2649.1011480595084
5392,LOAD,38434262,2601.8451973918477
5393,LOAD,36325057,2752.9206630013
5394,LOAD,40011777,2499.264154151414
5395,LOAD,33484022,2986.499053190205
5396,LOAD,34667704,2884.5290706301175
5397,LOAD,34268277,2918.1508016875196
5398,LOAD,35025846,2855.0345364962777
5399,LOAD,38419492,2602.8454514703108
5400,LOAD,37308063,2680.385738600259
5401,LOAD,36635903,2729.5628553225506
5402,LOAD,38667151,2586.1745024866195
5403,LOAD,37811615,2644.689998033673
5404,LOAD,37886591,2639.456265674576
5405,LOAD,36352615,2750.833743322179
5406,LOAD,37008759,2702.0630440485725
5407,LOAD,38528172,2595.5033630975277
5408,LOAD,38235790,2615.3506962978922
5409,LOAD,36307119,2754.2807789293333
5410,LOAD,38580868,2591.9582732042213
5411,LOAD,37500209,2666.651804527276
5412,LOAD,37296912,2681.187118118519
5413,LOAD,37472020,2668.6578412372755
5414,LOAD,38561643,2593.2505002445046
5415,LOAD,37161010,2690.9925214626837
5416,LOAD,37214520,2687.12319814954
5417,LOAD,37964589,2634.0335200257273
5418,LOAD,37436906,2671.1609127100405
5419,LOAD,37843616,2642.453617540142
5420,LOAD,37560452,2662.3747765335734
5421,LOAD,36772029,2719.4583143617124
5422,LOAD,36202268,2762.257878429053
5423,LOAD,37003806,2702.424718149263
5424,LOAD,38181872,2619.043927442845
5425,LOAD,38410752,2603.4377041095163
5426,LOAD,37655681,2655.64178749018
5427,LOAD,37118229,2694.0940528170136
5428,LOAD,36823438,2715.6616935116162
5429,LOAD,36974379,2704.575511599532
5430,LOAD,38015692,2630.492692333471
5431,LOAD,36926709,2708.066944173119
5432,LOAD,38197318,2617.9848543293015
5433,LOAD,38054995,2627.7759332250603
5434,LOAD,36147731,2766.4253670583084
5435,LOAD,35881762,2786.9311434594542
5436,LOAD,36285708,2755.9059892120613
5437,LOAD,36801422,2717.2863048607196
5438,LOAD,32246618,3101.100400668374
5439,LOAD,36580027,2733.7322632375312
5440,LOAD,37824541,2643.786212765939
5441,LOAD,37026053,2700.800973844012
5442,LOAD,38331315,2608.8330129034184
5443,LOAD,37963104,2634.136555324875
5444,LOAD,38448777,2600.8629611287765
5445,LOAD,37421825,2672.2373908808563
5446,LOAD,38602475,2590.507473937876
5447,LOAD,36022197,2776.066101687246
5448,LOAD,37017580,2701.419163543376
5449,LOAD,35466701,2819.5461427325877
5450,LOAD,37042962,2699.568139286486
5451,LOAD,37391084,2674.434365155073
5452,LOAD,34663593,2884.871167279168
5453,LOAD,35520214,2815.29835377681
5454,LOAD,35383421,2826.182352463884
5455,LOAD,34952401,2861.0337813416595
5456,LOAD,36151981,2766.1001481495578
5457,LOAD,37953237,2634.821372416798
5458,LOAD,37933710,2636.177689975486
5459,LOAD,35243769,2837.3809849905665
5460,LOAD,35835404,2790.536420351226
5461,LOAD,36047971,2774.0812374710354
5462,LOAD,37411692,2672.9611694654172
5463,LOAD,35934243,2782.860905126066
5464,LOAD,37190107,2688.8871279665855
5465,LOAD,36080377,2771.589664930608
5466,LOAD,34780332,2875.188195443333
5467,LOAD,34431232,2904.339873751831
5468,LOAD,34529616,2896.064642016291
5469,LOAD,29227276,3421.4615142375906
5470,LOAD,34919844,2863.7012238657194
5471,LOAD,35582784,2810.3478356274763
5472,LOAD,29680460,3369.220018827202
5473,LOAD,31465126,3178.121708459073
5474,LOAD,32941171,3035.7147898597777
5475,LOAD,33530628,2982.3479596027846
5476,LOAD,33162804,3015.4265604319826
5477,LOAD,36018184,2776.3753997147664
5478,LOAD,36074093,2772.0724676293316
5479,LOAD,36822425,2715.736402477566
5480,LOAD,34719902,2880.192461372731
5481,LOAD,33502860,2984.8198034436464
5482,LOAD,34574396,2892.313722559318
5483,LOAD,35530814,2814.4584585087186
5484,LOAD,33784544,2959.933394394786
5485,LOAD,33946775,2945.787928308359
5486,LOAD,36908951,2709.369876158225
5487,LOAD,36351334,2750.930681113381
5488,LOAD,33278138,3004.97581926008
5489,LOAD,33208059,3011.3172227259656
5490,LOAD,36778659,2718.9680841816444
5491,LOAD,36903560,2709.7656703038947
5492,LOAD,31798585,3144.7940214949817
5493,LOAD,36861714,2712.8418390962506
5494,LOAD,36200661,2762.3804990743124
5495,LOAD,31609482,3163.607679493134
5496,LOAD,37809955,2644.8061099252827
5497,LOAD,36505092,2739.3438701647433
5498,LOAD,32396101,3086.791216017014
5499,LOAD,33451379,2989.413381134452
5500,LOAD,35834256,2790.625819048678
5501,LOAD,34645582,2886.3709087063394
5502,LOAD,37749840,2649.0178501418814
5503,LOAD,34354793,2910.801994935612
5504,LOAD,35590131,2809.7676853170337
5505,LOAD,36426828,2745.2294226661734
5506,LOAD,36304473,2754.4815207756906
5507,LOAD,33478106,2987.0268049214014
5508,LOAD,35058840,2852.347653259492
5509,LOAD,35131263,2846.467546583793
5510,LOAD,35419287,2823.3205259044316
5511,LOAD,33536658,2981.8117237561355
5512,LOAD,34879802,2866.9887518283504
5513,LOAD,35971060,2780.0125990170986
5514,LOAD,33906792,2949.2616110660074
5515,LOAD,34991357,2857.848582437086
5516,LOAD,34612113,2889.1619532156274
5517,LOAD,36064765,2772.7894525307456
5518,LOAD,33067478,3024.119347716811
5519,LOAD,33255865,3006.988391370966
5520,LOAD,31413189,3183.376256387086
5521,LOAD,32902366,3039.295107227243
5522,LOAD,33704118,2966.9964957991187
5523,LOAD,32360927,3090.1463360428456
5524,LOAD,35568209,2811.499448847706
5525,LOAD,33371774,2996.5443251533466
5526,LOAD,35286346,2833.9573612977665
5527,LOAD,35487447,2817.8978329999336
5528,LOAD,36090641,2770.8014385225247
5529,LOAD,37747901,2649.153922492273
5530,LOAD,34917192,2863.9187251941676
5531,LOAD,33311105,3002.0018849569838
5532,LOAD,35958087,2781.015575161159
5533,LOAD,36492152,2740.3152327108583
5534,LOAD,35014091,2855.9930343472292
5535,LOAD,38833830,2575.07436170988
5536,LOAD,37909098,2637.889194831278
5537,LOAD,37394717,2674.1745364726253
5538,LOAD,38250284,2614.359673773926
5539,LOAD,37454105,2669.9343102711973
5540,LOAD,37849491,2642.0434557495105
5541,LOAD,35637823,2806.0075386759736
5542,LOAD,39295055,2544.849472789897
5543,LOAD,37692567,2653.042972637019
5544,LOAD,37532285,2664.372819294109
5545,LOAD,36701405,2724.691329936824
5546,LOAD,38935870,2568.325813703405
5547,LOAD,41577906,2405.1235288280272
5548,LOAD,36363854,2749.9835413485052
5549,LOAD,35074123,2851.1047874240503
5550,LOAD,35242890,2837.4517526797604
5551,LOAD,32874837,3041.8401770326645
5552,LOAD,35833301,2790.700192538778
5553,LOAD,35847360,2789.605705971095
5554,LOAD,36863176,2712.73424731499
5555,LOAD,37359899,2676.6667650787813
5556,LOAD,37905269,2638.1556611562364
5557,LOAD,37601077,2659.498290434606
5558,LOAD,37992869,2632.0728766232423
5559,LOAD,36460584,2742.6878296847904
5560,LOAD,37915332,2637.455475795385
5561,LOAD,37859662,2641.333670649252
5562,LOAD,38244528,2614.7531484765614
5563,LOAD,37204272,2687.863372249294
5564,LOAD,37557689,2662.5706389975167
5565,LOAD,37059291,2698.3786602933124
5566,LOAD,38175359,2619.4907558040254
5567,LOAD,36531591,2737.356826315065
5568,LOAD,38108268,2624.102465113345
5569,LOAD,37436395,2671.1973735718943
5570,LOAD,37639516,2656.7823029392835
5571,LOAD,30486486,3280.141896314321
5572,LOAD,35947233,2781.8552821576004
5573,LOAD,36482044,2741.0744858484354
5574,LOAD,36307796,2754.229422243091
5575,LOAD,38646497,2587.5566419383363
5576,LOAD,37332307,2678.645067394308
5577,LOAD,38335955,2608.517252276616
5578,LOAD,36626587,2730.2571216914093
5579,LOAD,38119256,2623.346059010176
5580,LOAD,37180127,2689.6088870272015
5581,LOAD,37824915,2643.760071899699
5582,LOAD,36947872,2706.515817744524
5583,LOAD,38707503,2583.4784537767778
5584,LOAD,35768875,2795.726731690611
5585,LOAD,38931133,2568.6383183350968
5586,LOAD,35941719,2782.2820605770135
5587,LOAD,38324197,2609.317554650917
5588,LOAD,36050366,2773.896941850743
5589,LOAD,38338524,2608.3424599236005
5590,LOAD,37211737,2687.3241633412595
5591,LOAD,37612386,2658.698653151119
5592,LOAD,37777833,2647.054954157905
5593,LOAD,37051435,2698.950796372664
5594,LOAD,34374868,2909.1020800428964
5595,LOAD,33689981,2968.2415077645783
5596,LOAD,34589544,2891.0470748038774
5597,LOAD,37460320,2669.4913444412646
5598,LOAD,37413258,2672.849287811289
5599,LOAD,37920823,2637.073567733485
5600,LOAD,38031525,2629.3975852927274
5601,LOAD,38093425,2625.124939540091
5602,LOAD,36306016,2754.3644557419902
5603,LOAD,37151110,2691.7096151366673
5604,LOAD,37745403,2649.3292441466315
5605,LOAD,33238874,3008.5254993896606
5606,LOAD,34872303,2867.6052740193268
5607,LOAD,36815081,2716.278146990903
5608,LOAD,35568073,2811.510199048456
5609,LOAD,38176174,2619.4348338835634
5610,LOAD,37735151,2650.049021931832
5611,LOAD,37685899,2653.512391995743
5612,LOAD,35898320,2785.6456792407
5613,LOAD,34962358,2860.2189817975095
5614,LOAD,35214321,2839.753746778193
5615,LOAD,34812185,2872.557410573338
5616,LOAD,35422903,2823.0323189491273
5617,LOAD,36052965,2773.696976101688
5618,LOAD,35617268,2807.6269072630726
5619,LOAD,35834938,2790.572708678888
5620,LOAD,35334306,2830.110771101603
5621,LOAD,37666413,2654.8851359963583
5622,LOAD,36115674,2768.880901959631
5623,LOAD,38560210,2593.3468723329047
5624,LOAD,35611230,2808.1029495470952
5625,LOAD,37967791,2633.8113797560677
5626,LOAD,36908584,2709.3968167405174
5627,LOAD,36728799,2722.659131870879
5628,LOAD,34619287,2888.5632451066945
5629,LOAD,35668842,2803.5673263516655
5630,LOAD,36056273,2773.4425019468877
5631,LOAD,37967344,2633.8423883429928
5632,LOAD,36071025,2772.308244636796
5633,LOAD,38731882,2581.852335499731
5634,LOAD,39388478,2538.8135078486657
5635,LOAD,35876973,2787.3031540314173
5636,LOAD,37284084,2682.1096100952886
5637,LOAD,36367249,2749.7268215145996
5638,LOAD,36433379,2744.73580943453
5639,LOAD,37473397,2668.55977855437
5640,LOAD,37236207,2685.5581719158454
5641,LOAD,36203702,2762.1484675793654
5642,LOAD,34587325,2891.2325541220666
5643,LOAD,33395916,2994.3781149766933
5644,LOAD,35330616,2830.4063535150362
5645,LOAD,35985835,2778.8711863987596
5646,LOAD,37802020,2645.3612796353214
5647,LOAD,34611950,2889.1755593082735
5648,LOAD,35064547,2851.883413751217
5649,LOAD,36476286,2741.507180857174
5650,LOAD,35391452,2825.541037423387
5651,LOAD,36263495,2757.5941039328945
5652,LOAD,35389080,2825.7304230570558
5653,LOAD,33377143,2996.062305272803
5654,LOAD,36693349,2725.289534078778
5655,LOAD,38288320,2611.762542728435
5656,LOAD,33554879,2980.1925377230536
5657,LOAD,37284887,2682.051845832334
5658,LOAD,37979355,2633.0094336778493
5659,LOAD,37545099,2663.4634789483443
5660,LOAD,36110605,2769.269581609059
5661,LOAD,37958975,2634.4230843957193
5662,LOAD,38293142,2611.4336608889394
5663,LOAD,36911109,2709.211473434732
5664,LOAD,38067411,2626.9188624359035
5665,LOAD,35485835,2818.025840451549
5666,LOAD,35573950,2811.0457230642087
5667,LOAD,37758643,2648.400261630165
5668,LOAD,37666461,2654.8817527614287
5669,LOAD,37483188,2667.8627228825894
5670,LOAD,34287534,2916.511872799018
5671,LOAD,36377313,2748.9660932350885
5672,LOAD,37318297,2679.6506818089797
5673,LOAD,35968952,2780.1755247136475
5674,LOAD,36489319,2740.5279884779434
5675,LOAD,37054422,2698.7332308138552
5676,LOAD,37916665,2637.3627532906708
5677,LOAD,34038111,2937.883362563804
5678,LOAD,35204834,2840.5190037254542
5679,LOAD,34540811,2895.1260003709813
5680,LOAD,36944342,2706.774422995543
5681,LOAD,36824726,2715.566709172527
5682,LOAD,37903022,2638.312058600499
5683,LOAD,33968581,2943.8968910711933
5684,LOAD,36525279,2737.829873934707
5685,LOAD,34975691,2859.1286445205615
5686,LOAD,35710816,2800.2720520303988
5687,LOAD,35334656,2830.0827380348633
5688,LOAD,35246786,2837.1381152312724
5689,LOAD,31376629,3187.085521519855
5690,LOAD,36142076,2766.858218105678
5691,LOAD,32646418,3063.1231885838133
5692,LOAD,36598285,2732.368470271216
5693,LOAD,32776597,3050.9573644878383
5694,LOAD,37392824,2674.3099157207275
5695,LOAD,33788815,2959.559250598164
5696,LOAD,36178221,2764.093900581789
5697,LOAD,36631538,2729.888108984122
5698,LOAD,36815106,2716.2763024504125
5699,LOAD,35410123,2824.0511901074165
5700,LOAD,37067218,2697.801599245997
5701,LOAD,36376183,2749.0514878925037
5702,LOAD,37924319,2636.830472816137
5703,LOAD,33845561,2954.5972070015323
5704,LOAD,38115280,2623.6197136686387
5705,LOAD,37215223,2687.072438071915
5706,LOAD,37445416,2670.5538536412573
5707,LOAD,38308354,2610.3966774453424
5708,LOAD,39953418,2502.9147693946984
5709,LOAD,37604173,2659.279330514728
5710,LOAD,37658223,2655.4625267368565
5711,LOAD,37293753,2681.4142304208426
5712,LOAD,34644179,2886.487799292343
5713,LOAD,39316222,2543.4793811063532
5714,LOAD,38479830,2598.7640797789386
5715,LOAD,37941041,2635.668325494812
5716,LOAD,37617059,2658.368374837597
5717,LOAD,37046468,2699.3126578220626
5718,LOAD,38510314,2596.7069497278053
5719,LOAD,36575985,2734.0343670853977
5720,LOAD,33964354,2944.263270839775
5721,LOAD,35550765,2812.8789914928693
5722,LOAD,35743417,2797.7179685982455
5723,LOAD,34518246,2897.0185796810183
5724,LOAD,37253900,2684.282719393137
5725,LOAD,35787283,2794.288686291161
5726,LOAD,38575984,2592.286433963681
5727,LOAD,37807947,2644.946576972296
5728,LOAD,37963830,2634.0861815048693
5729,LOAD,37521618,2665.1302723672525
5730,LOAD,38053780,2627.8598341610214
5731,LOAD,36878340,2711.6187984600174
5732,LOAD,37854289,2641.708578914268
5733,LOAD,37457349,2669.7030801619194
5734,LOAD,37821706,2643.9843829360843
5735,LOAD,36974682,2704.553348153204
5736,LOAD,37989550,2632.302830646849
5737,LOAD,36994174,2703.1283358293117
5738,LOAD,37777905,2647.0499091995707
5739,LOAD,37071104,2697.5188006270328
5740,LOAD,37356948,2676.87820750239
5741,LOAD,37129624,2693.2672412734373
5742,LOAD,38161002,2620.47626527207
5743,LOAD,34974401,2859.2341009643023
5744,LOAD,36240044,2759.378548215891
5745,LOAD,33522100,2983.1066669450897
5746,LOAD,36316823,2753.544824116361
5747,LOAD,36433309,2744.7410829469263
5748,LOAD,37549073,2663.1815917266454
5749,LOAD,37875711,2640.2144635647896
5750,LOAD,37265182,2683.470055238158
5751,LOAD,37586611,2660.5218544443924
5752,LOAD,35765960,2795.9545892239435
5753,LOAD,39358334,2540.757949764845
5754,LOAD,38481740,2598.635092903803
5755,LOAD,36788475,2718.242601793089
5756,LOAD,38327692,2609.0796179430786
5757,LOAD,35985748,2778.877904663813
5758,LOAD,37867469,2640.789116378494
5759,LOAD,37289884,2681.6924396975865
5760,LOAD,37602503,2659.3974342612246
5761,LOAD,38038878,2628.8893168720697
5762,LOAD,37206245,2687.7208382625017
5763,LOAD,36757700,2720.5184219904945
5764,LOAD,37279927,2682.4086860470516
5765,LOAD,37614861,2658.523714868971
5766,LOAD,37434245,2671.350791234069
5767,LOAD,37720462,2651.080996834026
5768,LOAD,37830934,2643.339442795676
5769,LOAD,36903002,2709.8066439147688
5770,LOAD,37536194,2664.095352874615
5771,LOAD,37481372,2667.991982790811
5772,LOAD,38240216,2615.0479903146993
5773,LOAD,37697406,2652.7024167127042
5774,LOAD,36825189,2715.532566580989
5775,LOAD,37499284,2666.717583194388
5776,LOAD,38214047,2616.838776589143
5777,LOAD,37439352,2670.9863995509327
5778,LOAD,37684703,2653.5966065594307
5779,LOAD,28842243,3467.136727195593
5780,LOAD,37207661,2687.618552534114
5781,LOAD,36501580,2739.607436171256
5782,LOAD,38128127,2622.7357037496226
5783,LOAD,37544049,2663.537968427433
5784,LOAD,37422738,2672.172196486532
5785,LOAD,38355464,2607.1904644407377
5786,LOAD,37071124,2697.517345306282
5787,LOAD,37649663,2656.0662707658234
5788,LOAD,37474650,2668.470552760333
5789,LOAD,37665124,2654.9759931760746
5790,LOAD,37434806,2671.310758228585
5791,LOAD,38367345,2606.383110428934
5792,LOAD,37099809,2695.4316665080405
5793,LOAD,37707091,2652.0210747628344
5794,LOAD,37408574,2673.1839604471425
5795,LOAD,37814623,2644.479623663047
5796,LOAD,36780302,2718.846626109813
5797,LOAD,38479641,2598.7768440978957
5798,LOAD,37580381,2660.96291040796
5799,LOAD,38309252,2610.335487625809
5800,LOAD,38254817,2614.049885534677
5801,LOAD,37318304,2679.6501791721294
5802,LOAD,36688569,2725.644600638417
5803,LOAD,38079915,2626.056281900839
5804,LOAD,36573432,2734.225215724901
5805,LOAD,36439032,2744.3100025269605
5806,LOAD,36728781,2722.660466188627
5807,LOAD,38749861,2580.654418347462
5808,LOAD,37353818,2677.1025119841834
5809,LOAD,37624975,2657.8090749561957
5810,LOAD,36846141,2713.988420117048
5811,LOAD,37535101,2664.1729297598004
5812,LOAD,37755391,2648.628377335571
5813,LOAD,37985109,2632.6105843213454
5814,LOAD,37092093,2695.9923776746705
5815,LOAD,37770584,2647.562981816749
5816,LOAD,38342964,2608.040421705531
5817,LOAD,37574859,2661.3539654267233
5818,LOAD,36420092,2745.7371606859206
5819,LOAD,37728880,2650.489492399456
5820,LOAD,37872748,2640.4210225252205
5821,LOAD,37283435,2682.156298098606
5822,LOAD,36518767,2738.3180817687517
5823,LOAD,36929867,2707.835368050473
5824,LOAD,38706715,2583.5310488115565
5825,LOAD,37087660,2696.314623246654
5826,LOAD,37730727,2650.359745254842
5827,LOAD,37295218,2681.308901318126
5828,LOAD,38166060,2620.12898370961
5829,LOAD,37414034,2672.793850564203
5830,LOAD,38288889,2611.723730087859
5831,LOAD,37796617,2645.739432182515
5832,LOAD,37219861,2686.737599584265
5833,LOAD,38685627,2584.9393626216784
5834,LOAD,37831854,2643.2751617195395
5835,LOAD,36852646,2713.5093637509776
5836,LOAD,37842479,2642.533011645458
5837,LOAD,37034979,2700.1500392372304
5838,LOAD,38127956,2622.747466452175
5839,LOAD,36509231,2739.0333146156922
5840,LOAD,38277040,2612.5322125221805
5841,LOAD,37361659,2676.5406750273055
5842,LOAD,38115964,2623.572632191593
5843,LOAD,37066841,2697.829038088247
5844,LOAD,37874351,2640.3092689297832
5845,LOAD,37148496,2691.8990206225303
5846,LOAD,36914121,2708.9904158898976
5847,LOAD,38462187,2599.956159539238
5848,LOAD,44098344,2267.6588490488443
5849,LOAD,37366393,2676.201580388024
5850,LOAD,37348841,2677.459255027485
5851,LOAD,37257117,2684.050942535355
5852,LOAD,37694650,2652.8963659299134
5853,LOAD,36200947,2762.358675313107
5854,LOAD,37484167,2667.793044460612
5855,LOAD,33061635,3024.653801906651
5856,LOAD,35458829,2820.1720931055
5857,LOAD,37624207,2657.8633271925173
5858,LOAD,35632387,2806.43561712551
5859,LOAD,37983432,2632.726816260311
5860,LOAD,37647448,2656.2225412994794
5861,LOAD,36849956,2713.707446489217
5862,LOAD,37644215,2656.4506657928714
5863,LOAD,37314094,2679.952513385425
5864,LOAD,36880084,2711.490570357703
5865,LOAD,35421998,2823.1044448706702
5866,LOAD,34357544,2910.5689277440783
5867,LOAD,36174614,2764.3695106186897
5868,LOAD,36264494,2757.5181388164415
5869,LOAD,37910320,2637.804165198289
5870,LOAD,37921113,2637.053400832407
5871,LOAD,37881954,2639.779352458957
5872,LOAD,37226604,2686.250940322142
5873,LOAD,38283030,2612.1234395501087
5874,LOAD,38086626,2625.5935613724355
5875,LOAD,37356487,2676.911241680729
5876,LOAD,34339749,2912.0771966038537
5877,LOAD,36490040,2740.4738388886394
5878,LOAD,37751087,2648.9303473566206
5879,LOAD,35786586,2794.343109454476
5880,LOAD,38006984,2631.095379733367
5881,LOAD,38063400,2627.195678788548
5882,LOAD,38361999,2606.74632727038
5883,LOAD,37552484,2662.939687292058
5884,LOAD,37938700,2635.8309588889447
5885,LOAD,37090902,2696.0789467994064
5886,LOAD,36690907,2725.470918448541
5887,LOAD,36898114,2710.1656198471283
5888,LOAD,37570799,2661.6415583815506
5889,LOAD,36288771,2755.67337345208
5890,LOAD,39111872,2556.7684410503284
5891,LOAD,33143488,3017.183948774492
5892,LOAD,35049067,2853.1429952186745
5893,LOAD,33749025,2963.048562143647
5894,LOAD,35315046,2831.6542473143036
5895,LOAD,32653262,3062.4811695689086
5896,LOAD,35936937,2782.652288924902
5897,LOAD,33579454,2978.011494767008
5898,LOAD,34504428,2898.1787496955462
5899,LOAD,37039680,2699.8073417480928
5900,LOAD,37745521,2649.3209618169
5901,LOAD,36232587,2759.9464537268623
5902,LOAD,35778860,2794.946513108579
5903,LOAD,36812107,2716.497591403828
5904,LOAD,34351456,2911.08475867806
5905,LOAD,35864477,2788.2743138844603
5906,LOAD,36339508,2751.8259190520685
5907,LOAD,34531762,2895.884664095623
5908,LOAD,36346583,2751.290265717688
5909,LOAD,35911749,2784.6040024394247
5910,LOAD,34272858,2917.7607540054
5911,LOAD,34309410,2914.6522776113025
5912,LOAD,36793347,2717.8826650372416
5913,LOAD,37315039,2679.884643829529
5914,LOAD,36289418,2755.624242857794
5915,LOAD,34119542,2930.8716981019265
5916,LOAD,37061763,2698.1986798631247
5917,LOAD,35813103,2792.2741014650423
5918,LOAD,36045795,2774.2487022411356
5919,LOAD,36611952,2731.3484951580836
5920,LOAD,36342752,2751.5802875907693
5921,LOAD,37241327,2685.1889568811553
5922,LOAD,37359190,2676.7175626666426
5923,LOAD,37687984,2653.3655925984262
5924,LOAD,37789775,2646.2184545951914
5925,LOAD,37097079,2695.6300252103406
5926,LOAD,37141326,2692.418682090133
5927,LOAD,33850093,2954.201632474097
5928,LOAD,40994630,2439.3438847966186
5929,LOAD,37377000,2675.442116809803
5930,LOAD,38090403,2625.3332105727523
5931,LOAD,37643555,2656.497241028378
5932,LOAD,38226587,2615.9803385010546
5933,LOAD,35760857,2796.3535661351743
5934,LOAD,36508927,2739.056121808236
5935,LOAD,32172843,3108.2114813415774
5936,LOAD,34721560,2880.0549284075946
5937,LOAD,32542655,3072.890026950782
5938,LOAD,35582753,2810.3502840266465
5939,LOAD,35564608,2811.7841197631087
5940,LOAD,36741027,2721.752987470927
5941,LOAD,36906098,2709.579322094685
5942,LOAD,35066731,2851.7057948743495
5943,LOAD,33746174,2963.298891305426
5944,LOAD,35816868,2791.9805830035166
5945,LOAD,36021122,2776.1489494969087
5946,LOAD,36218256,2761.038521567687
5947,LOAD,33903015,2949.5901765668923
5948,LOAD,37732086,2650.2642870049644
5949,LOAD,38893675,2571.112140984363
5950,LOAD,39174123,2552.7055194062673
5951,LOAD,37879947,2639.9192163600437
5952,LOAD,32198151,3105.768402663867
5953,LOAD,34183399,2925.3966230801097
5954,LOAD,36710569,2724.01116964436
5955,LOAD,37319875,2679.5373778717103
5956,LOAD,37102531,2695.2339181388998
5957,LOAD,37507328,2666.1456662548712
5958,LOAD,38095357,2624.991806744323
5959,LOAD,37287067,2681.895038834779
5960,LOAD,37794924,2645.85794642688
5961,LOAD,37054053,2698.760105945765
5962,LOAD,38093733,2625.1037145663827
5963,LOAD,37794134,2645.9132520406474
5964,LOAD,36258993,2757.936493161848
5965,LOAD,37367588,2676.115996569005
5966,LOAD,38158396,2620.6552287994496
5967,LOAD,35839417,2790.2239592792484
5968,LOAD,39491004,2532.222275230075
5969,LOAD,37642831,2656.5483345288244
5970,LOAD,36712899,2723.8382890983357
5971,LOAD,37335718,2678.4003457493436
5972,LOAD,38647167,2587.5117832052215
5973,LOAD,37746467,2649.2545646722383
5974,LOAD,37589840,2660.293313299551
5975,LOAD,37654326,2655.7373514002084
5976,LOAD,36588904,2733.06902005045
5977,LOAD,37209205,2687.5070295105743
5978,LOAD,36441126,2744.152307478095
5979,LOAD,35157359,2844.354719590854
5980,LOAD,33890729,2950.659456159825
5981,LOAD,34694634,2882.2900970795654
5982,LOAD,37089712,2696.165448790759
5983,LOAD,37810146,2644.792749543998
5984,LOAD,38254018,2614.104484396907
5985,LOAD,37915368,2637.4529715760636
5986,LOAD,35331856,2830.307018119852
5987,LOAD,37039545,2699.817181879529
5988,LOAD,37307786,2680.4056397235686
5989,LOAD,37117533,2694.144570437911
5990,LOAD,38187820,2618.6359944086885
5991,LOAD,37293222,2681.452409770333
5992,LOAD,38863756,2573.091494296125
5993,LOAD,36811229,2716.562383722641
5994,LOAD,38257916,2613.838140059694
5995,LOAD,35974278,2779.7639190979735
5996,LOAD,38007933,2631.029685302802
5997,LOAD,37263124,2683.6182602403387
5998,LOAD,38817645,2576.148037831764
5999,LOAD,36025691,2775.796861189977
6000,LOAD,38640898,2587.9315744680675
6001,LOAD,35980368,2779.2934191223394
6002,LOAD,38630033,2588.6594505368403
6003,LOAD,36520359,2738.1987126687336
6004,LOAD,38940100,2568.0468206296337
6005,LOAD,37107305,2694.8871657480922
6006,LOAD,37955245,2634.681978735745
6007,LOAD,37792796,2646.006926822773
6008,LOAD,37429375,2671.6983652545628
6009,LOAD,35673665,2803.1882902976186
6010,LOAD,38987782,2564.906103147904
6011,LOAD,37491865,2667.2452810763084
6012,LOAD,37369627,2675.969979577265
6013,LOAD,36856368,2713.2353356141875
6014,LOAD,39202033,2550.888113379222
6015,LOAD,36972887,2704.6846517557583
6016,LOAD,37233545,2685.7501750101956
6017,LOAD,36411752,2746.3660633522936
6018,LOAD,39809820,2511.9430331511167
6019,LOAD,36156932,2765.7213836616447
6020,LOAD,36123905,2768.2499995501594
6021,LOAD,36103118,2769.8438677789545
6022,LOAD,36661324,2727.6701736140244
6023,LOAD,37878299,2640.0340733357643
6024,LOAD,37084507,2696.5438693845927
6025,LOAD,37648423,2656.15375177866
6026,LOAD,36100980,2770.0079056025625
6027,LOAD,35735409,2798.344913304336
6028,LOAD,33951258,2945.3989598853746
6029,LOAD,34617046,2888.7502417161763
6030,LOAD,33939314,2946.435511336499
6031,LOAD,33072176,3023.6897626572863
6032,LOAD,35457760,2820.2571172008606
6033,LOAD,36688803,2725.6272165652285
6034,LOAD,38098877,2624.749280667774
6035,LOAD,36975844,2704.468355069867
6036,LOAD,29667084,3370.7390992657047
6037,LOAD,36271486,2756.9865761772207
6038,LOAD,29346160,3407.6008581702
6039,LOAD,33296220,3003.3439231240063
6040,LOAD,30094778,3322.8356095532586
6041,LOAD,36636573,2729.5129377957924
6042,LOAD,35369504,2827.294383319597
6043,LOAD,35331205,2830.3591683329228
6044,LOAD,36478299,2741.355894911657
6045,LOAD,34595485,2890.5506021956335
6046,LOAD,36055935,2773.4685010942026
6047,LOAD,34770550,2875.9970722349804
6048,LOAD,38857537,2573.503307736669
6049,LOAD,36857039,2713.185939868908
6050,LOAD,36207797,2761.836076356703
6051,LOAD,37423474,2672.11964340884
6052,LOAD,36841989,2714.2942798229487
6053,LOAD,37998164,2631.706100326321
6054,LOAD,36669032,2727.0968047370325
6055,LOAD,37617589,2658.330920676495
6056,LOAD,38330468,2608.8906610793274
6057,LOAD,38290640,2611.6042980738894
6058,LOAD,37113288,2694.4527253958204
6059,LOAD,38997581,2564.261614072934
6060,LOAD,38990647,2564.71763600127
6061,LOAD,36187885,2763.3557473723595
6062,LOAD,34684025,2883.1717195452375
6063,LOAD,34176971,2925.9468312741933
6064,LOAD,35825783,2791.285817814505
6065,LOAD,36550959,2735.9063273825454
6066,LOAD,33124786,3018.8874276802876
6067,LOAD,34213009,2922.8648085294108
6068,LOAD,37141623,2692.397152380767
6069,LOAD,34754788,2877.301395134391
6070,LOAD,34512059,2897.537930147836
6071,LOAD,36226133,2760.438162141126
6072,LOAD,35255196,2836.46132615459
6073,LOAD,36811486,2716.5434179973067
6074,LOAD,36545546,2736.3115603745528
6075,LOAD,34894000,2865.8222043904398
6076,LOAD,33672917,2969.745686125143
6077,LOAD,35994247,2778.2217530484804
6078,LOAD,36323190,2753.0621622164795
6079,LOAD,37251879,2684.428347896223
6080,LOAD,36805612,2716.9769653606086
6081,LOAD,31354190,3189.3663972821496
6082,LOAD,33789486,2959.5004789359627
6083,LOAD,27104159,3689.4706823406696
6084,LOAD,36713166,2723.8184797246854
6085,LOAD,32331915,3092.9191790835775
6086,LOAD,34215067,2922.689001310446
6087,LOAD,35841767,2790.0410155559575
6088,LOAD,37659715,2655.3573228050186
6089,LOAD,36173426,2764.460297457034
6090,LOAD,36559565,2735.2623041329953
6091,LOAD,38174697,2619.536181256396
6092,LOAD,35003274,2856.8756168351565
6093,LOAD,37920454,2637.099228822524
6094,LOAD,38837390,2574.838319464825
6095,LOAD,40346889,2478.505839694357
6096,LOAD,38008661,2630.9792917987825
6097,LOAD,36548212,2736.111960825881
6098,LOAD,37694595,2652.900236758082
6099,LOAD,37833487,2643.1610705087796
6100,LOAD,38096176,2624.9353740910897
6101,LOAD,36783080,2718.641288331483
6102,LOAD,37564607,2662.080292760683
6103,LOAD,34133262,2929.6936226019066
6104,LOAD,36537878,2736.8858147700857
6105,LOAD,35821375,2791.629299545313
6106,LOAD,36480057,2741.2237870132712
6107,LOAD,34554910,2893.9447389676316
6108,LOAD,37311921,2680.1085904957827
6109,LOAD,37130350,2693.2145805250957
6110,LOAD,33495467,2985.4786022239964
6111,LOAD,34783034,2874.964846367341
6112,LOAD,35194454,2841.3567660404674
6113,LOAD,36443807,2743.950433059861
6114,LOAD,37545931,2663.4044578625576
6115,LOAD,36819555,2715.948087911437
6116,LOAD,38258347,2613.8086938256897
6117,LOAD,32704631,3057.6709457446564
6118,LOAD,32478992,3078.913286471452
6119,LOAD,29285284,3414.6843172154317
6120,LOAD,35152396,2844.756300537807
6121,LOAD,37922340,2636.9680773918485
6122,LOAD,37542341,2663.65914688165
6123,LOAD,33197138,3012.307868226472
6124,LOAD,34821310,2871.8046506578876
6125,LOAD,35121988,2847.219240550962
6126,LOAD,37424250,2672.0642364242435
6127,LOAD,37748073,2649.141851558886
6128,LOAD,36963893,2705.3427516414467
6129,LOAD,37450216,2670.211568339152
6130,LOAD,37442898,2670.7334458994064
6131,LOAD,37966729,2633.885052357289
6132,LOAD,37180262,2689.599121168108
6133,LOAD,37172685,2690.147348785809
6134,LOAD,38053650,2627.8688115331906
6135,LOAD,36480542,2741.1873431047156
6136,LOAD,35999190,2777.8402791840595
6137,LOAD,38970887,2566.0180636894406
6138,LOAD,38083032,2625.841345825616
6139,LOAD,36843711,2714.167419237438
6140,LOAD,36399274,2747.3075424526323
6141,LOAD,33486467,2986.2809952450343
6142,LOAD,34894550,2865.7770339494277
6143,LOAD,37002102,2702.549168693173
6144,LOAD,36134375,2767.447894145118
6145,LOAD,36364688,2749.920472299941
6146,LOAD,38746466,2580.880537595351
6147,LOAD,36985801,2703.7402813041685
6148,LOAD,37541175,2663.7418780845296
6149,LOAD,37214715,2687.109117992708
6150,LOAD,35455645,2820.4253511676347
6151,LOAD,32970203,3033.041683122182
6152,LOAD,35271467,2835.152844649189
6153,LOAD,33966320,2944.0928543333516
6154,LOAD,35585770,2810.112019495433
6155,LOAD,34528321,2896.1732602057305
6156,LOAD,36365982,2749.822622691723
6157,LOAD,36460402,2742.701520405617
6158,LOAD,38053473,2627.8810346692926
6159,LOAD,36945016,2706.7250424252084
6160,LOAD,34989154,2858.0285193520253
6161,LOAD,34020393,2939.413427704965
6162,LOAD,33976248,2943.232578241129
6163,LOAD,30257159,3305.002958142898
6164,LOAD,34849506,2869.481134108472
6165,LOAD,29805263,3355.1121491529866
6166,LOAD,36806983,2716.8757624062805
6167,LOAD,35642834,2805.6130441255036
6168,LOAD,37814804,2644.466965900445
6169,LOAD,38078515,2626.1528318528176
6170,LOAD,35767452,2795.837959047237
6171,LOAD,38076150,2626.315948434913
6172,LOAD,37058175,2698.459921461324
6173,LOAD,37389276,2674.5636904014937
6174,LOAD,37964705,2634.02547181652
6175,LOAD,37948089,2635.178809662853
6176,LOAD,37525092,2664.883539792521
6177,LOAD,39178847,2552.3977262526387
6178,LOAD,36852035,2713.554353239923
6179,LOAD,37513200,2665.728330294403
6180,LOAD,37106822,2694.9222436779955
6181,LOAD,38725592,2582.271692579935
6182,LOAD,35476769,2818.7459799397175
6183,LOAD,38941717,2567.940186099139
6184,LOAD,37706319,2652.07537230033
6185,LOAD,38141365,2621.8254118592768
6186,LOAD,36945803,2706.667385196635
6187,LOAD,37777148,2647.1029522927456
6188,LOAD,35903785,2785.221669525929
6189,LOAD,37043864,2699.502406120485
6190,LOAD,36257395,2758.0580458138265
6191,LOAD,38530483,2595.347688737772
6192,LOAD,37763994,2648.024994390159
6193,LOAD,37597316,2659.764329985683
6194,LOAD,35745317,2797.569259212333
6195,LOAD,35419799,2823.279714263765
6196,LOAD,35159308,2844.1970473366537
6197,LOAD,35216587,2839.5710237337876
6198,LOAD,35721299,2799.450266352296
6199,LOAD,36369728,2749.5393971601875
6200,LOAD,36453367,2743.230824192454
6201,LOAD,30701348,3257.18597111762
6202,LOAD,34936412,2862.343162199942
6203,LOAD,36372845,2749.303773185738
6204,LOAD,36399123,2747.318939524999
6205,LOAD,33096041,3021.5094306899123
6206,LOAD,36803507,2717.1323645868856
6207,LOAD,37734795,2650.074023192653
6208,LOAD,37285320,2682.020698762945
6209,LOAD,37773463,2647.361191109219
6210,LOAD,37947519,2635.218392011346
6211,LOAD,37475759,2668.3915861450596
6212,LOAD,38260936,2613.6318254211033
6213,LOAD,37604153,2659.2807448687918
6214,LOAD,37599778,2659.59017098452
6215,LOAD,37826849,2643.624902513027
6216,LOAD,37339646,2678.118587412425
6217,LOAD,35045730,2853.4146670650034
6218,LOAD,37367688,2676.1088349913434
6219,LOAD,38819490,2576.025599511998
6220,LOAD,37147350,2691.9820660154764
6221,LOAD,37501614,2666.551898272965
6222,LOAD,37325503,2679.13335287136
6223,LOAD,38292623,2611.4690550187693
6224,LOAD,35920070,2783.9589399463866
6225,LOAD,34810955,2872.6589086682625
6226,LOAD,35941528,2782.2968461441037
6227,LOAD,36318271,2753.435041001814
6228,LOAD,38048035,2628.25662350237
6229,LOAD,36534434,2737.1438134227014
6230,LOAD,38151697,2621.1153857717
6231,LOAD,37553105,2662.8956513715707
6232,LOAD,37345728,2677.682438002012
6233,LOAD,37771629,2647.4897336304984
6234,LOAD,38027953,2629.6445669847126
6235,LOAD,36653111,2728.281372896287
6236,LOAD,36865158,2712.5884012215542
6237,LOAD,32674464,3060.4939686233265
6238,LOAD,36481030,2741.1506747479443
6239,LOAD,35551157,2812.8479756650395
6240,LOAD,35732691,2798.557768850938
6241,LOAD,35936349,2782.697819413987
6242,LOAD,37557037,2662.6168619212426
6243,LOAD,37637938,2656.8936906161016
6244,LOAD,38779452,2578.685227424049
6245,LOAD,37352268,2677.213603200748
6246,LOAD,37089537,2696.1781701400046
6247,LOAD,34689969,2882.6776985589117
6248,LOAD,39974994,2501.5638526424796
6249,LOAD,34670436,2884.301772264993
6250,LOAD,35274626,2834.898944073851
6251,LOAD,35293395,2833.3913470211633
6252,LOAD,37732751,2650.2175788879003
6253,LOAD,36282737,2756.1316556686447
6254,LOAD,35733341,2798.5068622606545
6255,LOAD,35252937,2836.6430859363577
6256,LOAD,40690684,2457.5649797383594
6257,LOAD,36824255,2715.6014425817984
6258,LOAD,38899680,2570.7152346754524
6259,LOAD,36615059,2731.1167244056605
6260,LOAD,37851748,2641.885917659602
6261,LOAD,37432896,2671.447060895315
6262,LOAD,37389063,2674.578926997983
6263,LOAD,37331982,2678.668386800358
6264,LOAD,37991445,2632.1715323015483
6265,LOAD,37672410,2654.4625098314655
6266,LOAD,37230665,2685.9579327954525
6267,LOAD,37940876,2635.67978767807
6268,LOAD,36939613,2707.1209435789165
6269,LOAD,37864985,2640.96235611872
6270,LOAD,37707469,2651.99448947369
6271,LOAD,37674846,2654.2908761989365
6272,LOAD,37414093,2672.7896357129384
6273,LOAD,37966362,2633.910512679619
6274,LOAD,37460415,2669.484574583597
6275,LOAD,37155816,2691.3686944730266
6276,LOAD,37216795,2686.9589388339323
6277,LOAD,37840484,2642.6723294554054
6278,LOAD,36425308,2745.343978971983
6279,LOAD,36980599,2704.120611999822
6280,LOAD,38417787,2602.9609670124937
6281,LOAD,37581282,2660.89911461775
6282,LOAD,36407426,2746.692391821383
6283,LOAD,38338173,2608.3663402530947
6284,LOAD,37262673,2683.650740782874
6285,LOAD,37797070,2645.7077228473
6286,LOAD,37972884,2633.4581276470863
6287,LOAD,36942455,2706.9126835236048
6288,LOAD,37580582,2660.948678229624
6289,LOAD,37045803,2699.3611125125294
6290,LOAD,37712263,2651.6573667297557
6291,LOAD,38011778,2630.7635491294304
6292,LOAD,38837167,2574.8531039867044
6293,LOAD,35636661,2806.0990338011743
6294,LOAD,38153912,2620.9632186602516
6295,LOAD,37849785,2642.02293355167
6296,LOAD,37374504,2675.620792184961
6297,LOAD,37209478,2687.4873117005295
6298,LOAD,37528756,2664.6233624157435
6299,LOAD,37210828,2687.3898102993035
6300,LOAD,38308233,2610.40492261807
6301,LOAD,37175124,2689.97085255183
6302,LOAD,37918218,2637.2547359688683
6303,LOAD,35944951,2782.0318909323314
6304,LOAD,38653223,2587.1063843757606
6305,LOAD,38273517,2612.7726908399873
6306,LOAD,37612339,2658.7019754341786
6307,LOAD,37085632,2696.4620691916484
6308,LOAD,31393908,3185.331370659556
6309,LOAD,37295423,2681.294163093418
6310,LOAD,37744767,2649.3738853918476
6311,LOAD,37797752,2645.6599852816644
6312,LOAD,38084340,2625.7511617636014
6313,LOAD,37653475,2655.797373283608
6314,LOAD,37223719,2686.459136444695
6315,LOAD,38134324,2622.3094973441775
6316,LOAD,36949996,2706.360238848199
6317,LOAD,36756948,2720.5740803072113
6318,LOAD,36901433,2709.921861300075
6319,LOAD,36297402,2755.018113968598
6320,LOAD,38295650,2611.2626368791234
6321,LOAD,39233607,2548.8352370966045
6322,LOAD,37603500,2659.3269243554455
6323,LOAD,37756149,2648.57520294244
6324,LOAD,37100176,2695.4050029304444
6325,LOAD,37419748,2672.385714623198
6326,LOAD,36780087,2718.8625192757154
6327,LOAD,38202420,2617.6352178736324
6328,LOAD,37443851,2670.665471882152
6329,LOAD,38063921,2627.159719042082
6330,LOAD,37593011,2660.0689154694205
6331,LOAD,37878178,2640.0425067963934
6332,LOAD,37447653,2670.3943235107417
6333,LOAD,36812952,2716.435237250194
6334,LOAD,38153467,2620.993788061253
6335,LOAD,37318099,2679.664899329411
6336,LOAD,37740333,2649.685152486599
6337,LOAD,37728756,2650.4982035453277
6338,LOAD,36870835,2712.170744166765
6339,LOAD,38015367,2630.5151808740925
6340,LOAD,37024295,2700.929214182201
6341,LOAD,37760287,2648.2849560968643
6342,LOAD,37754021,2648.7244895053695
6343,LOAD,38216674,2616.658896061965
6344,LOAD,37405398,2673.410933897829
6345,LOAD,37112552,2694.5061606111058
6346,LOAD,33321205,3001.0919473050267
6347,LOAD,37294766,2681.3413978787266
6348,LOAD,36716103,2723.6005956296617
6349,LOAD,36094243,2770.5249283105895
6350,LOAD,37906251,2638.087317049634
6351,LOAD,37709069,2651.8819650519613
6352,LOAD,37107990,2694.837419111086
6353,LOAD,37720176,2651.1010977255246
6354,LOAD,37205816,2687.7518289076093
6355,LOAD,37310953,2680.178123566021
6356,LOAD,37813190,2644.5798410554626
6357,LOAD,37175526,2689.9417643747665
6358,LOAD,37491501,2667.2711770062233
6359,LOAD,37401573,2673.684339426045
6360,LOAD,36117982,2768.7039657974246
6361,LOAD,36990079,2703.4275866239705
6362,LOAD,35296547,2833.1383237006157
6363,LOAD,32788197,3049.877978956879
6364,LOAD,33647167,2972.018416884845
6365,LOAD,34463815,2901.594034206602
6366,LOAD,34026139,2938.917048449135
6367,LOAD,35186716,2841.981616016681
6368,LOAD,35271014,2835.189257672036
6369,LOAD,35375685,2826.800385632109
6370,LOAD,33333754,2999.962140477787
6371,LOAD,35500515,2816.860544135768
6372,LOAD,37672046,2654.488158142512
6373,LOAD,37119781,2693.9814111511055
6374,LOAD,37132618,2693.050083352593
6375,LOAD,32420803,3084.4393335970117
6376,LOAD,38723082,2582.4390734187946
6377,LOAD,38515745,2596.340795173506
6378,LOAD,37155813,2691.3689117770077
6379,LOAD,38571062,2592.6172320585833
6380,LOAD,37772407,2647.4352031629865
6381,LOAD,37857497,2641.4847236202645
6382,LOAD,38061131,2627.3522980701755
6383,LOAD,38296813,2611.183337892895
6384,LOAD,35465764,2819.6206347056277
6385,LOAD,32804349,3048.376299130338
6386,LOAD,34617961,2888.673888101035
6387,LOAD,37042368,2699.6114287293944
6388,LOAD,31611940,3163.3616918164466
6389,LOAD,34745480,2878.0721981679344
6390,LOAD,37145198,2692.1380254858245
6391,LOAD,36829838,2715.189787150299
6392,LOAD,31055443,3220.0474486871753
6393,LOAD,34906714,2864.778391916237
6394,LOAD,36420073,2745.738593110453
6395,LOAD,37014636,2701.6340239034093
6396,LOAD,37640427,2656.718001631597
6397,LOAD,35108551,2848.308949007893
6398,LOAD,35382829,2826.2296381106216
6399,LOAD,38931699,2568.6009747481094
6400,LOAD,37813868,2644.5324239244715
6401,LOAD,35212547,2839.896812917282
6402,LOAD,35457458,2820.2811380330763
6403,LOAD,38347687,2607.719208723071
6404,LOAD,38369123,2606.2623323446824
6405,LOAD,36530348,2737.449968995642
6406,LOAD,34711447,2880.894017469223
6407,LOAD,34925169,2863.264598662357
6408,LOAD,36656920,2727.9978787088494
6409,LOAD,34032504,2938.3673913620933
6410,LOAD,38540225,2594.691650087668
6411,LOAD,37505859,2666.250091752331
6412,LOAD,34515051,2897.286751799961
6413,LOAD,38253465,2614.1422744318716
6414,LOAD,35742906,2797.757966294067
6415,LOAD,35669243,2803.5358081470918
6416,LOAD,34586459,2891.304946829047
6417,LOAD,35480996,2818.4101708982466
6418,LOAD,31295783,3195.31867919713
6419,LOAD,35319863,2831.2680601280927
6420,LOAD,37135192,2692.8634164595137
6421,LOAD,37544961,2663.4732687563587
6422,LOAD,37032888,2700.302498687113
6423,LOAD,37700350,2652.495268611565
6424,LOAD,36357182,2750.488197902687
6425,LOAD,36965015,2705.2606363070595
6426,LOAD,30979420,3227.9493935005885
6427,LOAD,37139348,2692.5620772879483
6428,LOAD,37261070,2683.766193509741
6429,LOAD,36695589,2725.123174886224
6430,LOAD,36775734,2719.184340413165
6431,LOAD,38079985,2626.051454589596
6432,LOAD,37691242,2653.1362378559984
6433,LOAD,36889740,2710.7808295748355
6434,LOAD,37453594,2669.9707376547094
6435,LOAD,37413121,2672.859075296071
6436,LOAD,37574096,2661.408008325736
6437,LOAD,36698361,2724.9173335016244
6438,LOAD,37907885,2637.97360364473
6439,LOAD,37007264,2702.1722005712177
6440,LOAD,37794637,2645.878038198912
6441,LOAD,36430892,2744.923182226776
6442,LOAD,38850057,2573.998797479242
6443,LOAD,37224335,2686.414680074204
6444,LOAD,37964916,2634.010832527589
6445,LOAD,36418715,2745.840977640205
6446,LOAD,37683649,2653.6708268352677
6447,LOAD,36628695,2730.0999940074307
6448,LOAD,36425946,2745.2958943056688
6449,LOAD,32667337,3061.161673508924
6450,LOAD,34334473,2912.5246803700757
6451,LOAD,34435770,2903.9571352695175
6452,LOAD,35440773,2821.6088853366714
6453,LOAD,34949915,2861.237287701558
6454,LOAD,36993390,2703.185623161327
6455,LOAD,35536034,2814.0450338380474
6456,LOAD,37950020,2635.044724614111
6457,LOAD,35918023,2784.1176002365164
6458,LOAD,36691489,2725.4276870584345
6459,LOAD,31310437,3193.8231970380994
6460,LOAD,35351155,2828.761889109422
6461,LOAD,35740377,2797.955936502852
6462,LOAD,37658820,2655.4204300612714
6463,LOAD,31190927,3206.0605316411406
6464,LOAD,34969757,2859.613808583228
6465,LOAD,35082048,2850.460725668011
6466,LOAD,37450475,2670.1931016896315
6467,LOAD,34530823,2895.9634121665736
6468,LOAD,36225861,2760.4588887480136
6469,LOAD,36011304,2776.9058293473627
6470,LOAD,36233340,2759.889096616542
6471,LOAD,35713882,2800.031651557789
6472,LOAD,38646055,2587.5862361630443
6473,LOAD,37778057,2647.0392587951255
6474,LOAD,39096864,2557.749900350064
6475,LOAD,37055721,2698.638625868324
6476,LOAD,36409474,2746.5378928572272
6477,LOAD,36977963,2704.3133771322123
6478,LOAD,38830824,2575.27370523994
6479,LOAD,37402728,2673.6017757849104
6480,LOAD,38061073,2627.3563018047334
6481,LOAD,37258774,2683.931575418987
6482,LOAD,37279643,2682.429120901185
6483,LOAD,38097748,2624.827063268937
6484,LOAD,38211837,2616.99012272035
6485,LOAD,35637846,2806.0057277311316
6486,LOAD,38278535,2612.430177905189
6487,LOAD,37067573,2697.7757621196297
6488,LOAD,36533154,2737.2397138226825
6489,LOAD,36541586,2736.6080935841155
6490,LOAD,38493835,2597.8185857553553
6491,LOAD,36836819,2714.6752275216813
6492,LOAD,38393356,2604.6173197258404
6493,LOAD,37637677,2656.912114953322
6494,LOAD,37687063,2653.4304357970263
6495,LOAD,36814607,2716.3131199526315
6496,LOAD,38407394,2603.665325483942
6497,LOAD,35257652,2836.2637421232703
6498,LOAD,36408889,2746.582022868097
6499,LOAD,37891302,2639.12810385877
6500,LOAD,35229845,2838.5024118045367
6501,LOAD,35027142,2854.928900565167
6502,LOAD,32213931,3104.2470414430327
6503,LOAD,27453824,3642.479823575761
6504,LOAD,31041344,3221.5099964743795
6505,LOAD,35276240,2834.7692384449138
6506,LOAD,34210602,2923.0704563456675
6507,LOAD,36565493,2734.8188632380807
6508,LOAD,33744130,2963.4783886856767
6509,LOAD,37694555,2652.903051912935
6510,LOAD,37346343,2677.6383433312335
6511,LOAD,36612828,2731.2831448037828
6512,LOAD,37158974,2691.1399652746063
6513,LOAD,36715026,2723.6804898354153
6514,LOAD,37271530,2683.013012881414
6515,LOAD,38560597,2593.3208451103596
6516,LOAD,38472768,2599.2411047731216
6517,LOAD,37336974,2678.310245495524
6518,LOAD,36542573,2736.534178915097
6519,LOAD,36329104,2752.613992351697
6520,LOAD,37078231,2697.0002964812425
6521,LOAD,36655842,2728.0781055309003
6522,LOAD,36607286,2731.6966354730584
6523,LOAD,35803427,2793.0287232001565
6524,LOAD,29959783,3337.807887326821
6525,LOAD,30043666,3328.48860721591
6526,LOAD,33986099,2942.3794710890475
6527,LOAD,37179344,2689.6655304084975
6528,LOAD,36128842,2767.8717186673184
6529,LOAD,35341813,2829.509623629099
6530,LOAD,34493231,2899.119540294732
6531,LOAD,35139952,2845.763705084173
6532,LOAD,35983332,2779.0644846341634
6533,LOAD,36752449,2720.9071156047316
6534,LOAD,29754662,3360.8178778841448
6535,LOAD,34319718,2913.7768556256788
6536,LOAD,28957182,3453.3747102877624
6537,LOAD,33263838,3006.2676471668724
6538,LOAD,34100164,2932.5372159500466
6539,LOAD,34506118,2898.036806110731
6540,LOAD,31695399,3155.0320600160294
6541,LOAD,36542790,2736.5179287076876
6542,LOAD,35873835,2787.546968424201
6543,LOAD,36492378,2740.2982617356424
6544,LOAD,34821266,2871.8082794577313
6545,LOAD,32859270,3043.281241488323
6546,LOAD,34839672,2870.291086552135
6547,LOAD,36369898,2749.526545276536
6548,LOAD,34978542,2858.8956051970376
6549,LOAD,36154651,2765.895873258464
6550,LOAD,32603878,3067.119807036451
6551,LOAD,35610752,2808.1406424666347
6552,LOAD,37732814,2650.2131539937627
6553,LOAD,36625992,2730.3014755204445
6554,LOAD,32705545,3057.5854950590183
6555,LOAD,38193330,2618.258214196039
6556,LOAD,36699574,2724.8272691121697
6557,LOAD,34338334,2912.197196287974
6558,LOAD,36557291,2735.4324476613983
6559,LOAD,37483457,2667.843576967834
6560,LOAD,33942124,2946.191581882147
6561,LOAD,34088857,2933.5099149848293
6562,LOAD,34684977,2883.092585011661
6563,LOAD,36722178,2723.150026667808
6564,LOAD,32090090,3116.226847603107
6565,LOAD,36554108,2735.6706392616666
6566,LOAD,34253456,2919.413445463722
6567,LOAD,36402473,2747.066112788546
6568,LOAD,35174510,2842.9678195943598
6569,LOAD,39592641,2525.721888570151
6570,LOAD,37561022,2662.334374181831
6571,LOAD,37570294,2661.677334758147
6572,LOAD,35832597,2790.755021189226
6573,LOAD,32807371,3048.0955026844426
6574,LOAD,34030701,2938.5230706825582
6575,LOAD,36448141,2743.624153561083
6576,LOAD,36489071,2740.546614628802
6577,LOAD,35267562,2835.4667668834045
6578,LOAD,33310610,3002.0464950957066
6579,LOAD,34838416,2870.394566733459
6580,LOAD,36154017,2765.944376250086
6581,LOAD,38025852,2629.7898598037987
6582,LOAD,36649482,2728.5515249574332
6583,LOAD,37266292,2683.390126390895
6584,LOAD,37273298,2682.8857483982233
6585,LOAD,37383587,2674.9707030521176
6586,LOAD,33679543,2969.16142834836
6587,LOAD,35244055,2837.357960087169
6588,LOAD,36111446,2769.205088048814
6589,LOAD,36475426,2741.571818791095
6590,LOAD,35833246,2790.7044759495134
6591,LOAD,38059856,2627.4403140148506
6592,LOAD,37462879,2669.3089978482435
6593,LOAD,35961106,2780.7821038652146
6594,LOAD,38228971,2615.817203136334
6595,LOAD,36597702,2732.4119967969573
6596,LOAD,35992968,2778.320476377497
6597,LOAD,32664547,3061.4231386708043
6598,LOAD,35928685,2783.291400728972
6599,LOAD,37037595,2699.959325112767
6600,LOAD,36098570,2770.1928358934993
6601,LOAD,38539855,2594.7165602984237
6602,LOAD,37773050,2647.390136618568
6603,LOAD,37285511,2682.00695975442
6604,LOAD,37590350,2660.257220270628
6605,LOAD,38449424,2600.819195626962
6606,LOAD,37014727,2701.627381987715
6607,LOAD,37772949,2647.3972153987766
6608,LOAD,36907388,2709.4846159256786
6609,LOAD,38318212,2609.725109303117
6610,LOAD,36246789,2758.8650680202322
6611,LOAD,38580941,2591.953368892687
6612,LOAD,37718608,2651.211306631464
6613,LOAD,36523801,2737.9406650474302
6614,LOAD,38594383,2591.050619982706
6615,LOAD,37137202,2692.7176689293933
6616,LOAD,37144979,2692.153897839059
6617,LOAD,36408336,2746.623740233555
6618,LOAD,37969796,2633.672301004725
6619,LOAD,35625176,2807.0036762765744
6620,LOAD,33971673,2943.628946387186
6621,LOAD,33338739,2999.513568884534
6622,LOAD,36649440,2728.5546518582546
6623,LOAD,36365368,2749.8690512357803
6624,LOAD,39158733,2553.7087729574905
6625,LOAD,37433213,2671.424437971702
6626,LOAD,37157443,2691.2508484504706
6627,LOAD,28975480,3451.1939060198483
6628,LOAD,36812855,2716.4423949188404
6629,LOAD,37088839,2696.2289113444613
6630,LOAD,37416503,2672.6174811152177
6631,LOAD,36993796,2703.155956204116
6632,LOAD,37548583,2663.2163456075027
6633,LOAD,37956222,2634.6141615464257
6634,LOAD,37863790,2641.045706201096
6635,LOAD,37976803,2633.186369057975
6636,LOAD,36136704,2767.2695329380344
6637,LOAD,37964481,2634.0410132302345
6638,LOAD,37272585,2682.937070235402
6639,LOAD,36593038,2732.7602589323137
6640,LOAD,36775964,2719.1673344035253
6641,LOAD,37928622,2636.531324549571
6642,LOAD,36639777,2729.2742529519214
6643,LOAD,38174299,2619.563492180957
6644,LOAD,36265146,2757.4685622387956
6645,LOAD,38810439,2576.6263556049958
6646,LOAD,38288808,2611.7292551912296
6647,LOAD,39114981,2556.5652198578337
6648,LOAD,36254197,2758.301335428833
6649,LOAD,37890394,2639.191347548405
6650,LOAD,36805949,2716.9520883702794
6651,LOAD,37903775,2638.2596456421556
6652,LOAD,36259605,2757.889943919687
6653,LOAD,38534936,2595.047776905611
6654,LOAD,36269683,2757.1236285687964
6655,LOAD,38690929,2584.585136221464
6656,LOAD,36156856,2765.7271970770908
6657,LOAD,38195344,2618.120156215899
6658,LOAD,36134848,2767.4116686473953
6659,LOAD,36261993,2757.7083256289857
6660,LOAD,30151913,3316.5391529220715
6661,LOAD,36218140,2761.047364663122
6662,LOAD,36275991,2756.6441947788553
6663,LOAD,38504994,2597.0657208776606
6664,LOAD,36882467,2711.315379201722
6665,LOAD,38487365,2598.255297550248
6666,LOAD,37380438,2675.196047729564
6667,LOAD,38485584,2598.375537188159
6668,LOAD,36940798,2707.034103594622
6669,LOAD,37140706,2692.463627374235
6670,LOAD,37250462,2684.530463004727
6671,LOAD,38755920,2580.2509655299114
6672,LOAD,37339978,2678.094775524506
6673,LOAD,36995520,2703.0299884959045
6674,LOAD,36230459,2760.108559485818
6675,LOAD,39256715,2547.334895444002
6676,LOAD,37889094,2639.2818999578085
6677,LOAD,37953225,2634.822205491101
6678,LOAD,36395317,2747.6062373629006
6679,LOAD,38553373,2593.8067727563034
6680,LOAD,37110075,2694.6860118175455
6681,LOAD,38026143,2629.769734995211
6682,LOAD,37943920,2635.468343808441
6683,LOAD,37049002,2699.1280358914933
6684,LOAD,37926494,2636.679256458559
6685,LOAD,37887376,2639.4015779820697
6686,LOAD,37025442,2700.845542910737
6687,LOAD,36955701,2705.942447147735
6688,LOAD,37466694,2669.0371987451044
6689,LOAD,37369427,2675.9843012845768
6690,LOAD,38412643,2603.3095405593413
6691,LOAD,37472354,2668.6340548554813
6692,LOAD,37260094,2683.8364927367065
6693,LOAD,37185457,2689.2233703084516
6694,LOAD,37972680,2633.4722753305796
6695,LOAD,37240837,2685.224287520713
6696,LOAD,37589262,2660.3342199163153
6697,LOAD,38039840,2628.8228341654435
6698,LOAD,37665308,2654.9630232679897
6699,LOAD,37984762,2632.6346338565972
6700,LOAD,31640825,3160.473849844307
6701,LOAD,38211427,2617.018202434575
6702,LOAD,37777045,2647.1101696810856
6703,LOAD,36514661,2738.626000115406
6704,LOAD,32037665,3121.3261016369324
6705,LOAD,36252020,2758.4669764608975
6706,LOAD,36880072,2711.4914526197235
6707,LOAD,37064963,2697.965731140754
6708,LOAD,37532833,2664.333917985887
6709,LOAD,38214299,2616.821520133079
6710,LOAD,36841737,2714.3128457814028
6711,LOAD,36612059,2731.340512698289
6712,LOAD,37458120,2669.6481296979136
6713,LOAD,37534791,2664.1949331754636
6714,LOAD,38460500,2600.070201895451
6715,LOAD,37698030,2652.6585076196293
6716,LOAD,37358976,2676.732895462659
6717,LOAD,37912731,2637.6364182258462
6718,LOAD,37045409,2699.389821826505
6719,LOAD,38826724,2575.5456473742156
6720,LOAD,36363679,2749.9967756287806
6721,LOAD,38468624,2599.5211058238006
6722,LOAD,37250956,2684.4948623600426
6723,LOAD,38302161,2610.8187472764266
6724,LOAD,36685451,2725.8762608642865
6725,LOAD,38905782,2570.312042564779
6726,LOAD,36619673,2730.7726095751864
6727,LOAD,36863966,2712.67611303678
6728,LOAD,37044731,2699.4392265933852
6729,LOAD,37273322,2682.88402090911
6730,LOAD,37337723,2678.2565182134967
6731,LOAD,38377161,2605.716457243932
6732,LOAD,37424189,2672.068591786986
6733,LOAD,38204514,2617.4917445619126
6734,LOAD,36785579,2718.4565995277662
6735,LOAD,38105273,2624.3087144396
6736,LOAD,36534799,2737.1164680555653
6737,LOAD,37964959,2634.00784918535
6738,LOAD,37273533,2682.8688334964113
6739,LOAD,44565008,2243.912982131631
6740,LOAD,38223379,2616.199891694557
6741,LOAD,38634287,2588.3744146747163
6742,LOAD,38047462,2628.2962054078666
6743,LOAD,39505659,2531.282923289547
6744,LOAD,36041870,2774.5508210312064
6745,LOAD,36745576,2721.416042029114
6746,LOAD,36306425,2754.333427210198
6747,LOAD,35239971,2837.6867847025187
6748,LOAD,35425389,2822.8342107972335
6749,LOAD,31609919,3163.5639433305732
6750,LOAD,35850966,2789.325118882431
6751,LOAD,36807757,2716.8186314640143
6752,LOAD,33318095,3001.372077245113
6753,LOAD,36946744,2706.5984488376025
6754,LOAD,36906934,2709.5179458689254
6755,LOAD,37286740,2681.918558715511
6756,LOAD,35465263,2819.660466073521
6757,LOAD,35980158,2779.3096406080263
6758,LOAD,35560055,2812.1441319480523
6759,LOAD,37729827,2650.422966423885
6760,LOAD,32178358,3107.678769687378
6761,LOAD,35542583,2813.5265239445316
6762,LOAD,35426618,2822.7362826448743
6763,LOAD,37619282,2658.211286435504
6764,LOAD,37011951,2701.830011608953
6765,LOAD,38032493,2629.3306620736116
6766,LOAD,38540907,2594.645735763302
6767,LOAD,36716646,2723.5603164842455
6768,LOAD,35168478,2843.4554375654247
6769,LOAD,33003484,3029.983137537843
6770,LOAD,37715641,2651.419871135161
6771,LOAD,36194261,2762.868953174648
6772,LOAD,35835914,2790.4967067395014
6773,LOAD,36879496,2711.5338018719126
6774,LOAD,36447015,2743.708915531217
6775,LOAD,37330549,2678.771212285145
6776,LOAD,32933273,3036.442809677617
6777,LOAD,38750469,2580.6139275372384
6778,LOAD,38653698,2587.0745924490843
6779,LOAD,34984488,2858.4097043238135
6780,LOAD,38227781,2615.89863141677
6781,LOAD,36981628,2704.045370852792
6782,LOAD,38879379,2572.057542379985
6783,LOAD,40249631,2484.494826797294
6784,LOAD,36009109,2777.075100636342
6785,LOAD,36038475,2774.8121972419754
6786,LOAD,34385423,2908.2090977912358
6787,LOAD,36282302,2756.1646998032265
6788,LOAD,36940117,2707.0840084236875
6789,LOAD,35427680,2822.6516667193564
6790,LOAD,37020472,2701.208131544082
6791,LOAD,37559956,2662.4099346655253
6792,LOAD,37901798,2638.397260203856
6793,LOAD,37285566,2682.0030035215236
6794,LOAD,37192452,2688.71759248355
6795,LOAD,36740901,2721.762321506487
6796,LOAD,36061505,2773.040115768879
6797,LOAD,39788001,2513.3205360078277
6798,LOAD,37109564,2694.723117738597
6799,LOAD,36998738,2702.7948899230023
6800,LOAD,35971173,2780.0038658733756
6801,LOAD,34702979,2881.5969948862316
6802,LOAD,35710435,2800.3019285539367
6803,LOAD,36329307,2752.598611363547
6804,LOAD,36915783,2708.868453365868
6805,LOAD,35996355,2778.059056257224
6806,LOAD,30308318,3299.424270261385
6807,LOAD,34163087,2927.135946467601
6808,LOAD,31009766,3224.790538567753
6809,LOAD,36512280,2738.8045884836556
6810,LOAD,37139682,2692.5378628713083
6811,LOAD,35827247,2791.1717581872813
6812,LOAD,36551766,2735.8459232858954
6813,LOAD,33482540,2986.6312412379707
6814,LOAD,35617103,2807.6399138919296
6815,LOAD,35379460,2826.4987651026895
6816,LOAD,37218089,2686.865518538579
6817,LOAD,36179953,2763.9615783912154
6818,LOAD,37210559,2687.409237791886
6819,LOAD,36854711,2713.357323572555
6820,LOAD,36185055,2763.571866893666
6821,LOAD,37981895,2632.8333538913735
6822,LOAD,36986262,2703.706581649154
6823,LOAD,35263499,2835.793464511278
6824,LOAD,36456377,2743.004330902108
6825,LOAD,40473173,2470.7724299253728
6826,LOAD,36504260,2739.406304907975
6827,LOAD,35415870,2823.5929259961704
6828,LOAD,32209120,3104.710715474375
6829,LOAD,35098072,2849.1593498355123
6830,LOAD,34503442,2898.2615705412813
6831,LOAD,39656675,2521.6435820703578
6832,LOAD,36683279,2726.037658738195
6833,LOAD,34532552,2895.8184150421316
6834,LOAD,36135638,2767.3511672880936
6835,LOAD,35888259,2786.4266137847476
6836,LOAD,36327563,2752.7307570838157
6837,LOAD,34703120,2881.585286856052
6838,LOAD,37219125,2686.7907292285886
6839,LOAD,37950265,2635.027713245217
6840,LOAD,35593138,2809.530308903924
6841,LOAD,35602304,2808.806980581931
6842,LOAD,30574935,3270.652905721631
6843,LOAD,34506240,2898.0265598338156
6844,LOAD,33334098,2999.9311815786946
6845,LOAD,36113675,2769.034167804855
6846,LOAD,37241403,2685.18347711014
6847,LOAD,36445796,2743.800684172188
6848,LOAD,37341174,2678.008998860079
6849,LOAD,36639379,2729.3039000469958
6850,LOAD,37627564,2657.626201898162
6851,LOAD,36540730,2736.6722011300812
6852,LOAD,37283362,2682.161549701446
6853,LOAD,37990495,2632.2373530537047
6854,LOAD,37710994,2651.7465967616768
6855,LOAD,38036607,2629.0462763936857
6856,LOAD,37354032,2677.087174953429
6857,LOAD,37110460,2694.6580559766708
6858,LOAD,37311067,2680.1699345665993
6859,LOAD,38026290,2629.759568971888
6860,LOAD,38162562,2620.369146075675
6861,LOAD,36555018,2735.6025375230292
6862,LOAD,38107643,2624.1455027801117
6863,LOAD,36689167,2725.6001751143604
6864,LOAD,38628086,2588.7899286545025
6865,LOAD,37147808,2691.9488762297897
6866,LOAD,37222943,2686.5151420187276
6867,LOAD,36507704,2739.1478795818
6868,LOAD,37742697,2649.5191904277535
6869,LOAD,37640044,2656.7450346232326
6870,LOAD,36223485,2760.639954990526
6871,LOAD,38111064,2623.9099490898493
6872,LOAD,36223582,2760.6325625113495
6873,LOAD,37437810,2671.096412957916
6874,LOAD,36741912,2721.6874287870482
6875,LOAD,36637462,2729.446706761511
6876,LOAD,37536625,2664.064763414399
6877,LOAD,36351494,2750.9185729752953
6878,LOAD,37213981,2687.1621179147696
6879,LOAD,38448217,2600.9008428141155
6880,LOAD,37680040,2653.924995833338
6881,LOAD,37551047,2663.0415924221766
6882,LOAD,37857702,2641.4704199425523
6883,LOAD,37671747,2654.5092267688033
6884,LOAD,37182962,2689.4038188781196
6885,LOAD,36547524,2736.1634675990636
6886,LOAD,37629103,2657.5175071273957
6887,LOAD,37422023,2672.2232520673724
6888,LOAD,37701365,2652.4238578629715
6889,LOAD,37273368,2682.8807098945285
6890,LOAD,37437113,2671.1461431334196
6891,LOAD,37286433,2681.940640446888
6892,LOAD,35339043,2829.731410666667
6893,LOAD,38077746,2626.2058683830705
6894,LOAD,36839947,2714.4447303357956
6895,LOAD,39224340,2549.4374156454896
6896,LOAD,37596492,2659.822623876717
6897,LOAD,37422466,2672.191618799253
6898,LOAD,37582666,2660.8011257104536
6899,LOAD,35805784,2792.844865511114
6900,LOAD,38350706,2607.5139268622593
6901,LOAD,37729381,2650.45429714312
6902,LOAD,38341896,2608.1130677523092
6903,LOAD,35753083,2796.9615934939093
6904,LOAD,38489914,2598.0832277255804
6905,LOAD,35932130,2783.0245521209013
6906,LOAD,38479599,2598.7796806302476
6907,LOAD,36754552,2720.751432366799
6908,LOAD,38548439,2594.138766552908
6909,LOAD,37251875,2684.428636142476
6910,LOAD,36484195,2740.9128802211476
6911,LOAD,37684221,2653.630547384806
6912,LOAD,37483442,2667.844644576664
6913,LOAD,37833479,2643.1616294129335
6914,LOAD,36107015,2769.54492084156
6915,LOAD,36100775,2770.023635226668
6916,LOAD,35873473,2787.575097621577
6917,LOAD,37659038,2655.4050584085553
6918,LOAD,37647726,2656.2029271037513
6919,LOAD,39046636,2561.04008550186
6920,LOAD,36829203,2715.236601780386
6921,LOAD,37222073,2686.5779345497494
6922,LOAD,37449897,2670.234313328018
6923,LOAD,37508629,2666.053190053947
6924,LOAD,38025691,2629.800994280419
6925,LOAD,37057787,2698.4881746986134
6926,LOAD,37205847,2687.7495894664085
6927,LOAD,37462266,2669.352676103469
6928,LOAD,38125378,2622.924814017582
6929,LOAD,36899648,2710.0529522666448
6930,LOAD,37212788,2687.2482653006273
6931,LOAD,36596753,2732.4828516890557
6932,LOAD,35796985,2793.531354665763
6933,LOAD,38050581,2628.0807643909566
6934,LOAD,38227051,2615.9485857279446
6935,LOAD,38318393,2609.712782057431
6936,LOAD,37509796,2665.970244146356
6937,LOAD,36734989,2722.200352367058
6938,LOAD,35728202,2798.909388163446
6939,LOAD,38686215,2584.9000735791806
6940,LOAD,38605873,2590.279463438115
6941,LOAD,37726399,2650.6637964572237
6942,LOAD,36752663,2720.8912725589435
6943,LOAD,36678254,2726.411131783972
6944,LOAD,37341746,2677.967977180285
6945,LOAD,38516752,2596.2729152240045
6946,LOAD,36552844,2735.7652389510376
6947,LOAD,38085661,2625.6600876639636
6948,LOAD,38073839,2626.4753601547773
6949,LOAD,35503896,2816.592297363647
6950,LOAD,36087595,2771.0353100559905
6951,LOAD,39030545,2562.095917441071
6952,LOAD,39415427,2537.0776777326296
6953,LOAD,38459199,2600.158157220071
6954,LOAD,38412634,2603.310150509335
6955,LOAD,37874213,2640.3188892664252
6956,LOAD,36344857,2751.4209231859136
6957,LOAD,29618350,3376.2853096138033
6958,LOAD,31184491,3206.722213295064
6959,LOAD,35073495,2851.1558371927295
6960,LOAD,35844149,2789.8556051644578
6961,LOAD,36173476,2764.456476341947
6962,LOAD,37227462,2686.1890289485755
6963,LOAD,32438176,3082.787392238084
6964,LOAD,36598355,2732.363244194992
6965,LOAD,36432378,2744.811222588874
6966,LOAD,26945535,3711.189998639849
6967,LOAD,37657493,2655.5140035477134
6968,LOAD,36654770,2728.1578905010183
6969,LOAD,37196669,2688.4127715844666
6970,LOAD,35818004,2791.8920328447116
6971,LOAD,36193836,2762.9013956962176
6972,LOAD,37105548,2695.014772453974
6973,LOAD,35324005,2830.9360730755193
6974,LOAD,31325199,3192.318107859426
6975,LOAD,34599718,2890.196966345217
6976,LOAD,33262892,3006.353145721665
6977,LOAD,35410619,2824.011633346483
6978,LOAD,35197743,2841.091259743558
6979,LOAD,35820310,2791.7122995306295
6980,LOAD,30828301,3243.7726620094954
6981,LOAD,34856042,2868.9430658822366
6982,LOAD,35871026,2787.765256561103
6983,LOAD,38125495,2622.9167647528247
6984,LOAD,37509521,2665.989789632344
6985,LOAD,37944548,2635.4247255758587
6986,LOAD,36530943,2737.4053826094773
6987,LOAD,35708923,2800.4204999405893
6988,LOAD,30437230,3285.4500885921616
6989,LOAD,32621412,3065.471230981663
6990,LOAD,35120239,2847.3610330499173
6991,LOAD,39057385,2560.335260540356
6992,LOAD,39003060,2563.9013964545347
6993,LOAD,37472480,2668.6250816599277
6994,LOAD,34351650,2911.0683184068303
6995,LOAD,36142118,2766.855002797567
6996,LOAD,35801304,2793.1943484516655
6997,LOAD,37134890,2692.8853162080186
6998,LOAD,35482185,2818.3157266104104
6999,LOAD,37223862,2686.448816084693
7000,LOAD,31252848,3199.708391376044
7001,LOAD,34978198,2858.9237215707913
7002,LOAD,36336917,2752.0221377063995
7003,LOAD,37154887,2691.4359879495796
7004,LOAD,36635049,2729.6264841900443
7005,LOAD,34813106,2872.481415476114
7006,LOAD,38117243,2623.484599869933
7007,LOAD,33365779,2997.082729583505
7008,LOAD,35360433,2828.019668198068
7009,LOAD,36730746,2722.5148108889484
7010,LOAD,35183104,2842.2733821325146
7011,LOAD,33575742,2978.340731829545
7012,LOAD,37831217,2643.319669044747
7013,LOAD,35240188,2837.669310958273
7014,LOAD,34993693,2857.6578070796927
7015,LOAD,37049625,2699.0826492845745
7016,LOAD,37779947,2646.906836581851
7017,LOAD,36464179,2742.417428347969
7018,LOAD,37027078,2700.7262090732625
7019,LOAD,37543655,2663.565920792741
7020,LOAD,36888350,2710.882975248283
7021,LOAD,37592930,2660.0746470147446
7022,LOAD,37036025,2700.0737795160253
7023,LOAD,37535100,2664.173000737976
7024,LOAD,36862686,2712.7703065370765
7025,LOAD,35816232,2792.030161073337
7026,LOAD,38672824,2585.795130968455
7027,LOAD,36777099,2719.0834165576794
7028,LOAD,38385158,2605.1735933977398
7029,LOAD,36236838,2759.622680102497
7030,LOAD,34886276,2866.456712089304
7031,LOAD,40252528,2484.316016126987
7032,LOAD,37356118,2676.9376839424267
7033,LOAD,36247999,2758.772973923333
7034,LOAD,38360389,2606.8557333972813
7035,LOAD,38200371,2617.7756231739218
7036,LOAD,36043648,2774.4139549914594
7037,LOAD,37556951,2662.62295892976
7038,LOAD,35572927,2811.1265626244362
7039,LOAD,33905814,2949.34668136857
7040,LOAD,35511514,2815.988076430647
7041,LOAD,26498882,3773.7441149403962
7042,LOAD,36976227,2704.4403421690376
7043,LOAD,36389246,2748.0646342603527
7044,LOAD,33908897,2949.078526499992
7045,LOAD,39141676,2554.8216177559693
7046,LOAD,35023618,2855.2161572799246
7047,LOAD,39276640,2546.042635011549
7048,LOAD,34647275,2886.2298694486076
7049,LOAD,34417414,2905.505916278312
7050,LOAD,31070022,3218.5365044157356
7051,LOAD,36122869,2768.3293926625815
7052,LOAD,34419217,2905.353715629266
7053,LOAD,36141939,2766.868706186461
7054,LOAD,35998747,2777.8744632417347
7055,LOAD,35300807,2832.7964287048735
7056,LOAD,35915630,2784.303101463068
7057,LOAD,37609844,2658.8783511040356
7058,LOAD,37132158,2693.0834453521393
7059,LOAD,37589332,2660.329265760828
7060,LOAD,37295179,2681.311705193854
7061,LOAD,36954617,2706.0218213058465
7062,LOAD,36372444,2749.334083791565
7063,LOAD,39333993,2542.330243461425
7064,LOAD,36616770,2730.9891069037494
7065,LOAD,36943179,2706.8596343590248
7066,LOAD,36282076,2756.1818678732716
7067,LOAD,34737206,2878.757721619868
7068,LOAD,34515026,2897.2888503691115
7069,LOAD,35039147,2853.9507539952383
7070,LOAD,36966650,2705.1409851852954
7071,LOAD,36751693,2720.9630859726653
7072,LOAD,38421337,2602.720462330605
7073,LOAD,37796574,2645.7424421589108
7074,LOAD,35777399,2795.0606470861676
7075,LOAD,38076654,2626.2811853163357
7076,LOAD,37345115,2677.726390720714
7077,LOAD,38032867,2629.304806287678
7078,LOAD,36601208,2732.150261270065
7079,LOAD,37760785,2648.25002975971
7080,LOAD,37889456,2639.2566839703372
7081,LOAD,38261617,2613.5853066534014
7082,LOAD,36447673,2743.6593825893906
7083,LOAD,36730811,2722.509993040992
7084,LOAD,37190255,2688.876427440468
7085,LOAD,37327599,2678.9829155633606
7086,LOAD,37450103,2670.219625297159
7087,LOAD,37276062,2682.6868138592536
7088,LOAD,36753121,2720.857366099603
7089,LOAD,37904401,2638.2160741703847
7090,LOAD,37320659,2679.481088477028
7091,LOAD,37351859,2677.2429184849943
7092,LOAD,37604273,2659.2722587669755
7093,LOAD,37269379,2683.1678628184277
7094,LOAD,37296042,2681.2496618273863
7095,LOAD,37946395,2635.2964491093294
7096,LOAD,37491212,2667.2917375943994
7097,LOAD,37157286,2691.2622197433902
7098,LOAD,37409853,2673.092567351174
7099,LOAD,37130058,2693.2357606336086
7100,LOAD,37159682,2691.0886912326105
7101,LOAD,38651457,2587.224590265769
7102,LOAD,36942693,2706.895244480417
7103,LOAD,37577349,2661.1776152703055
7104,LOAD,36578266,2733.8638742470735
7105,LOAD,38445999,2601.050892187767
7106,LOAD,37435479,2671.2627344770985
7107,LOAD,36433782,2744.705449464456
7108,LOAD,36720853,2723.2482861985804
7109,LOAD,37397949,2673.943429357583
7110,LOAD,38195885,2618.0830736085836
7111,LOAD,37227701,2686.1717837478063
7112,LOAD,36364406,2749.941797481856
7113,LOAD,38499307,2597.449351490924
7114,LOAD,38081627,2625.9382247507438
7115,LOAD,37314976,2679.889168359642
7116,LOAD,35372064,2827.0897621354525
7117,LOAD,39236704,2548.6340544812324
7118,LOAD,38115130,2623.6300387798756
7119,LOAD,36987764,2703.596789467998
7120,LOAD,37379006,2675.2985352258966
7121,LOAD,36877977,2711.645489664468
7122,LOAD,37093884,2695.8622073655056
7123,LOAD,38438003,2601.5919713623002
7124,LOAD,36643987,2728.9606886936185
7125,LOAD,36796634,2717.639879778134
7126,LOAD,37683250,2653.698924588511
7127,LOAD,37548957,2663.189819094043
7128,LOAD,36234443,2759.8050837983074
7129,LOAD,36359631,2750.302938992973
7130,LOAD,36664145,2727.460302156235
7131,LOAD,37420048,2672.364289858741
7132,LOAD,37594999,2659.928252691269
7133,LOAD,36928721,2707.919399645604
7134,LOAD,37488224,2667.504334161042
7135,LOAD,37710974,2651.748003114425
7136,LOAD,37085376,2696.480682843825
7137,LOAD,37636074,2657.025278460235
7138,LOAD,36196840,2762.6721006585103
7139,LOAD,38733331,2581.7557493312415
7140,LOAD,37632183,2657.3000030319795
7141,LOAD,37259672,2683.866889649485
7142,LOAD,36197832,2762.5963897506344
7143,LOAD,37948579,2635.144783682151
7144,LOAD,38552630,2593.8567615231436
7145,LOAD,36383267,2748.5162341248797
7146,LOAD,36683931,2725.9892076451674
7147,LOAD,38293448,2611.4127931232515
7148,LOAD,38026599,2629.7381998321753
7149,LOAD,37138105,2692.6521964435183
7150,LOAD,36913997,2708.9995158205165
7151,LOAD,37415061,2672.720485475087
7152,LOAD,39200624,2550.9798007297027
7153,LOAD,35155006,2844.5450983566893
7154,LOAD,35685467,2802.2612118260918
7155,LOAD,37848192,2642.134134174758
7156,LOAD,38917558,2569.534296062461
7157,LOAD,35115666,2847.7318356997703
7158,LOAD,35685517,2802.257285497643
7159,LOAD,35719170,2799.6171243620724
7160,LOAD,37977959,2633.106218267285
7161,LOAD,35533616,2814.2365246475338
7162,LOAD,39309696,2543.9016368887715
7163,LOAD,34259757,2918.876511587633
7164,LOAD,38376194,2605.7821158606816
7165,LOAD,38425855,2602.414442046898
7166,LOAD,36327618,2752.7265894504835
7167,LOAD,37887043,2639.4247764334627
7168,LOAD,38082783,2625.858514594377
7169,LOAD,37616558,2658.403780590452
7170,LOAD,36816130,2716.2007522246363
7171,LOAD,33278215,3004.968866268819
7172,LOAD,33947201,2945.7509619128837
7173,LOAD,35929049,2783.263202986531
7174,LOAD,36466237,2742.262657921079
7175,LOAD,37330197,2678.796471392851
7176,LOAD,36767086,2719.823920775228
7177,LOAD,37688932,2653.298851769002
7178,LOAD,37755101,2648.648721665451
7179,LOAD,36141321,2766.916018371326
7180,LOAD,34387827,2908.005789374246
7181,LOAD,37404729,2673.4587490260924
7182,LOAD,34077214,2934.512193397031
7183,LOAD,37192519,2688.71274892674
7184,LOAD,37849273,2642.0586730952537
7185,LOAD,36628979,2730.0788263849777
7186,LOAD,37935272,2636.0691443045403
7187,LOAD,35360322,2828.0285456676556
7188,LOAD,25845793,3869.101636773149
7189,LOAD,37042203,2699.623453821038
7190,LOAD,35246198,2837.1854462146525
7191,LOAD,31407458,3183.9571352765956
7192,LOAD,29190936,3425.7209155609125
7193,LOAD,34009885,2940.3216153186054
7194,LOAD,31654461,3159.1123917731534
7195,LOAD,38210768,2617.0633367013193
7196,LOAD,39334617,2542.289912216509
7197,LOAD,31965362,3128.386282626801
7198,LOAD,36779134,2718.9329688948087
7199,LOAD,35801239,2793.199419718407
7200,LOAD,36290966,2755.506701034081
7201,LOAD,36252507,2758.429920446605
7202,LOAD,38093029,2625.152229296337
7203,LOAD,37826511,2643.6485247079754
7204,LOAD,38475120,2599.082212089267
7205,LOAD,36482085,2741.071405321269
7206,LOAD,37734646,2650.084487343541
7207,LOAD,36766604,2719.8595769138756
7208,LOAD,38185918,2618.7664258850605
7209,LOAD,36809472,2716.6920514371955
7210,LOAD,37830644,2643.359705956896
7211,LOAD,36126200,2768.0741400977686
7212,LOAD,37280505,2682.3670977632946
7213,LOAD,34947144,2861.4641585589943
7214,LOAD,36895138,2710.384224609758
7215,LOAD,34826442,2871.3814635442805
7216,LOAD,36810103,2716.6454818124253
7217,LOAD,37018201,2701.3738458008806
7218,LOAD,36811040,2716.5763314483916
7219,LOAD,35787257,2794.2907163854443
7220,LOAD,36642567,2729.066443407199
7221,LOAD,37183597,2689.357890792545
7222,LOAD,36953138,2706.1301262155325
7223,LOAD,37369854,2675.953724625202
7224,LOAD,37599563,2659.605378924218
7225,LOAD,37457054,2669.724105905392
7226,LOAD,35635311,2806.205339417411
7227,LOAD,33194959,3012.5056036369856
7228,LOAD,34667624,2884.5357270518452
7229,LOAD,37086811,2696.3763479151658
7230,LOAD,36762978,2720.127841656353
7231,LOAD,36343062,2751.5568170893252
7232,LOAD,36275952,2756.647158426056
7233,LOAD,36179182,2764.0204800650276
7234,LOAD,33843574,2954.770675224786
7235,LOAD,33531562,2982.2648882268
7236,LOAD,33404278,2993.6285406318316
7237,LOAD,37208065,2687.589370745294
7238,LOAD,35770122,2795.629268471603
7239,LOAD,39449100,2534.912076574624
7240,LOAD,38664632,2586.3429917036324
7241,LOAD,34923873,2863.3708523679493
7242,LOAD,35822802,2791.51809509485
7243,LOAD,37149728,2691.8097489166007
7244,LOAD,35645284,2805.420206499126
7245,LOAD,36961678,2705.5048745351874
7246,LOAD,36896645,2710.2735221589933
7247,LOAD,37035702,2700.0973277082744
7248,LOAD,36225128,2760.514745455144
7249,LOAD,36195085,2762.8060550210066
7250,LOAD,30429044,3286.3339380625957
7251,LOAD,36905065,2709.6551652191915
7252,LOAD,36606447,2731.7592444849947
7253,LOAD,36516937,2738.4553091076614
7254,LOAD,36684331,2725.959483900633
7255,LOAD,38089849,2625.3713948826626
7256,LOAD,34119602,2930.8665441056437
7257,LOAD,37384443,2674.9094536462667
7258,LOAD,36374355,2749.1896419881537
7259,LOAD,36819024,2715.987257022348
7260,LOAD,35830886,2790.888285598073
7261,LOAD,34292702,2916.0723468217816
7262,LOAD,36031211,2775.3716076875685
7263,LOAD,38021985,2630.0573207842776
7264,LOAD,34749738,2877.7195384897577
7265,LOAD,35577014,2810.803627308351
7266,LOAD,33895648,2950.2312509263725
7267,LOAD,35453340,2820.6087212093416
7268,LOAD,34936564,2862.3307088813885
7269,LOAD,38952566,2567.2249679263746
7270,LOAD,33196828,3012.335997885099
7271,LOAD,32869688,3042.3166779070125
7272,LOAD,35323513,2830.975503484039
7273,LOAD,33583233,2977.67638988182
7274,LOAD,33339522,2999.4431233897117
7275,LOAD,35912107,2784.576243326519
7276,LOAD,37758267,2648.4266346228233
7277,LOAD,37426726,2671.8874635200527
7278,LOAD,37052805,2698.851004667528
7279,LOAD,36055754,2773.482423914918
7280,LOAD,37999028,2631.646262109652
7281,LOAD,37380149,2675.2167306770234
7282,LOAD,36981144,2704.080760724979
7283,LOAD,39164359,2553.3419300951664
7284,LOAD,37316691,2679.766006048071
7285,LOAD,37654029,2655.758298799844
7286,LOAD,37084383,2696.552885887302
7287,LOAD,37711969,2651.6780388740776
7288,LOAD,36301173,2754.7319200952543
7289,LOAD,38523157,2595.8412494593836
7290,LOAD,36610450,2731.46055292956
7291,LOAD,37785448,2646.52148626106
7292,LOAD,36882157,2711.3381682096306
7293,LOAD,38865651,2572.9660362565396
7294,LOAD,36972266,2704.7300806501826
7295,LOAD,38142959,2621.7158453805328
7296,LOAD,37036449,2700.0428685806246
7297,LOAD,37810514,2644.7670084569595
7298,LOAD,36806704,2716.8963567071914
7299,LOAD,37117320,2694.16003095051
7300,LOAD,36881529,2711.3843355030103
7301,LOAD,36296327,2755.099710226878
7302,LOAD,36785128,2718.4899288647302
7303,LOAD,39112869,2556.7032681749834
7304,LOAD,37249322,2684.612621942488
7305,LOAD,37387249,2674.708695469945
7306,LOAD,37593276,2660.0501642900185
7307,LOAD,37611989,2658.7267161010814
7308,LOAD,37092069,2695.9941220857754
7309,LOAD,38178300,2619.2889678167962
7310,LOAD,37678062,2654.064319974844
7311,LOAD,37810352,2644.7783400694075
7312,LOAD,37013473,2701.7189119216127
7313,LOAD,37647530,2656.2167557871658
7314,LOAD,36705673,2724.3745128988644
7315,LOAD,37931143,2636.35609398852
7316,LOAD,38208536,2617.2162157691673
7317,LOAD,37423356,2672.128068899005
7318,LOAD,36735888,2722.133734728285
7319,LOAD,37587764,2660.440243266399
7320,LOAD,36429627,2745.018498267907
7321,LOAD,36145655,2766.584254732692
7322,LOAD,38882816,2571.8301884307966
7323,LOAD,37506618,2666.1961363725195
7324,LOAD,38999054,2564.1647615349852
7325,LOAD,35453017,2820.634418785854
7326,LOAD,37892567,2639.0399995861985
7327,LOAD,36842268,2714.2737249509178
7328,LOAD,39041180,2561.3979905320484
7329,LOAD,37314693,2679.9094930246374
7330,LOAD,38012610,2630.7059683615516
7331,LOAD,35812895,2792.29031889212
7332,LOAD,38391007,2604.7766863734523
7333,LOAD,36945882,2706.6615976308267
7334,LOAD,37658367,2655.452372642712
7335,LOAD,36485862,2740.7876508440445
7336,LOAD,37968896,2633.73472855255
7337,LOAD,36002829,2777.559507893116
7338,LOAD,38145356,2621.551100479964
7339,LOAD,36798866,2717.47504393206
7340,LOAD,37971351,2633.564447048513
7341,LOAD,36375728,2749.085873965189
7342,LOAD,37515501,2665.5648287890385
7343,LOAD,37902747,2638.3312006383076
7344,LOAD,35378874,2826.545581976408
7345,LOAD,37210299,2687.428015560961
7346,LOAD,38082188,2625.8995412763575
7347,LOAD,38281152,2612.251585323242
7348,LOAD,36512896,2738.7583827916583
7349,LOAD,37652621,2655.8576094875307
7350,LOAD,35606814,2808.451213860358
7351,LOAD,38277444,2612.5046385019855
7352,LOAD,36970952,2704.8262105882477
7353,LOAD,38073670,2626.487018456587
7354,LOAD,35602264,2808.8101363441383
7355,LOAD,38789168,2578.0393124183533
7356,LOAD,35468777,2819.3811137045973
7357,LOAD,38633864,2588.402754640333
7358,LOAD,36922393,2708.3835004952143
7359,LOAD,37438857,2671.0217141511557
7360,LOAD,37133785,2692.9654491186393
7361,LOAD,38768957,2579.383293700679
7362,LOAD,35866944,2788.0825308116578
7363,LOAD,37300978,2680.894854821233
7364,LOAD,35879167,2787.1327113029133
7365,LOAD,39187693,2551.8215629585543
7366,LOAD,36578680,2733.8329321889146
7367,LOAD,37961724,2634.2323125261646
7368,LOAD,36999787,2702.718261594317
7369,LOAD,36600402,2732.2104276341006
7370,LOAD,36564664,2734.88086749546
7371,LOAD,38760920,2579.9181237184257
7372,LOAD,35721717,2799.417508402522
7373,LOAD,37978537,2633.0661447016773
7374,LOAD,37543372,2663.5859986151486
7375,LOAD,35378493,2826.5760217655397
7376,LOAD,38506005,2596.997533241893
7377,LOAD,37690171,2653.2116291008606
7378,LOAD,36623431,2730.4923997972774
7379,LOAD,38089657,2625.3846286932962
7380,LOAD,36804270,2717.076034927469
7381,LOAD,39020737,2562.7399092948963
7382,LOAD,37232295,2685.84034371236
7383,LOAD,37359035,2676.728668178929
7384,LOAD,34851805,2869.2918487292122
7385,LOAD,37703818,2652.251291898343
7386,LOAD,37002724,2702.503739994926
7387,LOAD,38149918,2621.237613145066
7388,LOAD,35308912,2832.146173181434
7389,LOAD,36962730,2705.4278728870945
7390,LOAD,35103705,2848.702152664512
7391,LOAD,37559786,2662.4219850453887
7392,LOAD,32924270,3037.2731119019495
7393,LOAD,35029678,2854.7222158308164
7394,LOAD,35126154,2846.881557257877
7395,LOAD,34505988,2898.047724354393
7396,LOAD,34129926,2929.9799829627523
7397,LOAD,36386627,2748.2624316895326
7398,LOAD,35534991,2814.1276298620705
7399,LOAD,38068110,2626.870627409661
7400,LOAD,39026395,2562.3683663325805
7401,LOAD,37811182,2644.7202840683476
7402,LOAD,35776563,2795.125959975529
7403,LOAD,37678574,2654.0282548909627
7404,LOAD,36444887,2743.86911941859
7405,LOAD,39075433,2559.1527034390124
7406,LOAD,36344800,2751.4252382734253
7407,LOAD,38279564,2612.359952689116
7408,LOAD,36044673,2774.3350591639437
7409,LOAD,37508248,2666.080271197951
7410,LOAD,35114644,2847.8147179848957
7411,LOAD,35492756,2817.4763323535653
7412,LOAD,33637742,2972.8511503536715
7413,LOAD,36462769,2742.5234764809006
7414,LOAD,35983397,2779.0594645636156
7415,LOAD,39199988,2551.021189088119
7416,LOAD,36755959,2720.647283342546
7417,LOAD,38217146,2616.6265790752664
7418,LOAD,36920375,2708.5315357712375
7419,LOAD,37472072,2668.654137940384
7420,LOAD,35844339,2789.8408169836803
7421,LOAD,38263404,2613.4632454551092
7422,LOAD,36594594,2732.6440621256793
7423,LOAD,39613025,2524.4222070897135
7424,LOAD,36650498,2728.4758859211133
7425,LOAD,38777774,2578.7968128340735
7426,LOAD,36625587,2730.3316667661875
7427,LOAD,35463500,2819.800640094745
7428,LOAD,35884598,2786.7108891675475
7429,LOAD,35880548,2787.025437850057
7430,LOAD,36307348,2754.263406955529
7431,LOAD,33269638,3005.7435551297554
7432,LOAD,31834495,3141.24662571214
7433,LOAD,33259140,3006.6922957117954
7434,LOAD,32114673,3113.841451849751
7435,LOAD,36007896,2777.168652120079
7436,LOAD,37494748,2667.0401945360454
7437,LOAD,36946235,2706.635737037888
7438,LOAD,37032601,2700.323425837683
7439,LOAD,36984779,2703.8149937302587
7440,LOAD,36054980,2773.541962857835
7441,LOAD,34079097,2934.3500504136014
7442,LOAD,35452374,2820.6855766556
7443,LOAD,36008853,2777.094843870756
7444,LOAD,36707215,2724.260067128492
7445,LOAD,37423737,2672.100864753298
7446,LOAD,37182129,2689.46407022578
7447,LOAD,36596677,2732.488526212366
7448,LOAD,37277475,2682.5851268091524
7449,LOAD,36723659,2723.0402068595613
7450,LOAD,36696747,2725.037181088558
7451,LOAD,38325133,2609.2538282906935
7452,LOAD,37669169,2654.69089588889
7453,LOAD,37622224,2658.0034184050364
7454,LOAD,36812004,2716.5051921650343
7455,LOAD,36844808,2714.0866088920857
7456,LOAD,37951854,2634.917387698635
7457,LOAD,34838631,2870.376852638096
7458,LOAD,31888281,3135.948281439191
7459,LOAD,34809118,2872.810509016632
7460,LOAD,37670716,2654.581877339416
7461,LOAD,34609691,2889.364137923104
7462,LOAD,29270074,3416.458735293939
7463,LOAD,33516850,2983.573933707971
7464,LOAD,34791788,2874.2414733039877
7465,LOAD,36439817,2744.2508835870385
7466,LOAD,37006414,2702.2342667408952
7467,LOAD,37257622,2684.0145621746874
7468,LOAD,37888151,2639.347589171084
7469,LOAD,35219025,2839.374457413287
7470,LOAD,29777259,3358.2674617566377
7471,LOAD,27904926,3583.5966739349174
7472,LOAD,36732638,2722.3745814281024
7473,LOAD,37116393,2694.227318910003
7474,LOAD,36478142,2741.3676935629014
7475,LOAD,37371087,2675.8654357578625
7476,LOAD,36580929,2733.6648558050565
7477,LOAD,33222776,3009.9832717169693
7478,LOAD,33567927,2979.0341238528076
7479,LOAD,37370806,2675.8855562280355
7480,LOAD,36071053,2772.306092644426
7481,LOAD,34376270,2908.983435375624
7482,LOAD,34705930,2881.3519764489815
7483,LOAD,35258464,2836.198423164435
7484,LOAD,35874965,2787.4591654653877
7485,LOAD,37117789,2694.125989023754
7486,LOAD,36037503,2774.8870392046865
7487,LOAD,37648222,2656.1679327114043
7488,LOAD,33949100,2945.5861863790205
7489,LOAD,40621483,2461.751581053799
7490,LOAD,37699480,2652.5564808851477
7491,LOAD,36143929,2766.716368881756
7492,LOAD,36956656,2705.8725226654706
7493,LOAD,35996130,2778.0764209930344
7494,LOAD,39724526,2517.3365190059158
7495,LOAD,36428723,2745.0866175023484
7496,LOAD,39015056,2563.113071015456
7497,LOAD,36471968,2741.831754184474
7498,LOAD,38245687,2614.6739108124793
7499,LOAD,37822311,2643.94209015943
7500,LOAD,36388601,2748.113344615804
7501,LOAD,38389353,2604.888912819135
7502,LOAD,37344712,2677.7552870135937
7503,LOAD,36362711,2750.0699824058775
7504,LOAD,37262623,2683.654341778355
7505,LOAD,37947501,2635.2196419996144
7506,LOAD,37277842,2682.5587167840886
7507,LOAD,36898777,2710.1169233874607
7508,LOAD,37826182,2643.6715183150122
7509,LOAD,36400864,2747.187539284782
7510,LOAD,30571867,3270.981127845414
7511,LOAD,37931653,2636.320647560495
7512,LOAD,35105426,2848.562498572158
7513,LOAD,37645300,2656.3741024776004
7514,LOAD,34683867,2883.184853638148
7515,LOAD,33303744,3002.665406027623
7516,LOAD,36229146,2760.208590067235
7517,LOAD,36230494,2760.105893118653
7518,LOAD,36117024,2768.7774053587586
7519,LOAD,37040574,2699.7421800212924
7520,LOAD,38202853,2617.6055489887103
7521,LOAD,38045895,2628.404457300847
7522,LOAD,36566278,2734.760152509916
7523,LOAD,36260448,2757.8258271933096
7524,LOAD,37633338,2657.2184481748604
7525,LOAD,38358736,2606.9680711064098
7526,LOAD,37368992,2676.0154515272984
7527,LOAD,36114864,2768.9430036341823
7528,LOAD,35836074,2790.4842478001356
7529,LOAD,38107816,2624.1335898126517
7530,LOAD,35688790,2802.0002919684302
7531,LOAD,38389492,2604.8794810830004
7532,LOAD,38499639,2597.426952496879
7533,LOAD,37241919,2685.146272940446
7534,LOAD,37142663,2692.321764866456
7535,LOAD,37360325,2676.636244465218
7536,LOAD,37598311,2659.693942102878
7537,LOAD,38935281,2568.364666483337
7538,LOAD,35522030,2815.1544267036543
7539,LOAD,38510262,2596.710456033771
7540,LOAD,35245627,2837.231410296659
7541,LOAD,38279807,2612.343369442798
7542,LOAD,36844783,2714.0884504598657
7543,LOAD,38656752,2586.870205753448
7544,LOAD,37083872,2696.5900432403605
7545,LOAD,36485509,2740.8141681674224
7546,LOAD,35799727,2793.317390381217
7547,LOAD,39889898,2506.9003686096166
7548,LOAD,34144344,2928.742751654564
7549,LOAD,39272002,2546.343321127352
7550,LOAD,36824307,2715.5976078517924
7551,LOAD,37636922,2656.9654128464595
7552,LOAD,36971115,2704.814285422552
7553,LOAD,37453416,2669.9834268788727
7554,LOAD,35610229,2808.181885042076
7555,LOAD,37531652,2664.4177559783407
7556,LOAD,35510161,2816.095370561682
7557,LOAD,37881220,2639.830501763143
7558,LOAD,37321413,2679.426955244165
7559,LOAD,38219577,2616.460145542689
7560,LOAD,35771492,2795.5221996331607
7561,LOAD,38225768,2616.036386764028
7562,LOAD,36617678,2730.921387205382
7563,LOAD,37263886,2683.563383593434
7564,LOAD,37094497,2695.817657265982
7565,LOAD,37615001,2658.5138200581196
7566,LOAD,33835719,2955.4566285409805
7567,LOAD,39484679,2532.6279086630034
7568,LOAD,35762336,2796.237919133694
7569,LOAD,38693183,2584.4345759820276
7570,LOAD,36626526,2730.2616688243925
7571,LOAD,36282173,2756.1744992506374
7572,LOAD,36465269,2742.3354534968603
7573,LOAD,39247192,2547.952984763853
7574,LOAD,35030110,2854.6870106888045
7575,LOAD,40173473,2489.204754590174
7576,LOAD,31598146,3164.742640280224
7577,LOAD,30195374,3311.7655704479766
7578,LOAD,34449611,2902.7903972558647
7579,LOAD,37824009,2643.823397990414
7580,LOAD,37603047,2659.3589609905816
7581,LOAD,37461749,2669.389515155846
7582,LOAD,36677427,2726.472606707117
7583,LOAD,38176839,2619.3892061100187
7584,LOAD,39354448,2541.008833359828
7585,LOAD,38178518,2619.2740116313576
7586,LOAD,39133570,2555.3508151696865
7587,LOAD,35369887,2827.2637681878937
7588,LOAD,35338554,2829.7705672959905
7589,LOAD,36444939,2743.8652044389482
7590,LOAD,41994643,2381.2561044988524
7591,LOAD,38834307,2575.04273219038
7592,LOAD,37319281,2679.5800272786605
7593,LOAD,36504082,2739.4196627105975
7594,LOAD,35370687,2827.1998222709108
7595,LOAD,35417332,2823.476370269788
7596,LOAD,33237318,3008.6663430545145
7597,LOAD,35281198,2834.3708736874523
7598,LOAD,37193230,2688.6613504662005
7599,LOAD,37385260,2674.8509974251883
7600,LOAD,34824565,2871.536227372833
7601,LOAD,33553731,2980.294501377507
7602,LOAD,35028446,2854.822620449677
7603,LOAD,36763414,2720.095581982674
7604,LOAD,36668834,2727.11153018937
7605,LOAD,36848386,2713.8230694826093
7606,LOAD,36462445,2742.547846146905
7607,LOAD,35704279,2800.78474627649
7608,LOAD,35424386,2822.9141360417652
7609,LOAD,31004755,3225.311730410384
7610,LOAD,36215799,2761.2258395845415
7611,LOAD,37418969,2672.4413491991186
7612,LOAD,36571048,2734.4034548859527
7613,LOAD,36558103,2735.371690374635
7614,LOAD,36309507,2754.0996356684213
7615,LOAD,36092688,2770.6442922732713
7616,LOAD,36629439,2730.044541495708
7617,LOAD,37112412,2694.5163251582785
7618,LOAD,38586647,2591.5700838168186
7619,LOAD,31726168,3151.9722142302217
7620,LOAD,33196461,3012.3693004504307
7621,LOAD,36820497,2715.8786042458905
7622,LOAD,34538480,2895.321392255826
7623,LOAD,34768332,2876.1805426846477
7624,LOAD,36022227,2776.063789726271
7625,LOAD,35107797,2848.3701213152167
7626,LOAD,36287241,2755.7895625076594
7627,LOAD,33352237,2998.2996342943957
7628,LOAD,41737692,2395.9159025851263
7629,LOAD,32849140,3044.2197269091366
7630,LOAD,43966365,2274.4659468664286
7631,LOAD,41053480,2435.8470950574715
7632,LOAD,36445804,2743.800081896945
7633,LOAD,34243609,2920.2529441333127
7634,LOAD,41423437,2414.0922927279066
7635,LOAD,38168435,2619.96594830257
7636,LOAD,38218423,2616.5391491951405
7637,LOAD,36858451,2713.082001194244
7638,LOAD,36902389,2709.8516575715466
7639,LOAD,37301294,2680.8721434704116
7640,LOAD,33655869,2971.2499772327974
7641,LOAD,31596036,3164.9539834680527
7642,LOAD,36300770,2754.7625022830093
7643,LOAD,38038306,2628.928848724231
7644,LOAD,37434547,2671.3292403404803
7645,LOAD,37948791,2635.1300625097647
7646,LOAD,37560083,2662.400932394106
7647,LOAD,38576254,2592.2682902284914
7648,LOAD,36281078,2756.257683412825
7649,LOAD,37882035,2639.7737080386523
7650,LOAD,37439826,2670.95258402109
7651,LOAD,37506831,2666.1809951365926
7652,LOAD,36645508,2728.847421080914
7653,LOAD,37629420,2657.495119510213
7654,LOAD,38233063,2615.537238018309
7655,LOAD,37564105,2662.1158683269578
7656,LOAD,37126984,2693.4587522649294
7657,LOAD,37729673,2650.4337845705686
7658,LOAD,36923158,2708.327386297781
7659,LOAD,38499006,2597.4696593465296
7660,LOAD,37319136,2679.59043853534
7661,LOAD,38015636,2630.4965672545895
7662,LOAD,37046048,2699.3432605820735
7663,LOAD,37542175,2663.6709247666126
7664,LOAD,37321197,2679.4424626841414
7665,LOAD,37606552,2659.111103831056
7666,LOAD,37578667,2661.0842795461585
7667,LOAD,36981952,2704.0216806295134
7668,LOAD,37676884,2654.1473015655965
7669,LOAD,37295399,2681.2958885357416
7670,LOAD,37766378,2647.8578379954783
7671,LOAD,38088164,2625.4875399087236
7672,LOAD,37395971,2674.0848633132164
7673,LOAD,37455891,2669.8070004528795
7674,LOAD,37049219,2699.112226900114
7675,LOAD,37896889,2638.7390268367412
7676,LOAD,38648266,2587.438204860213
7677,LOAD,36411041,2746.4196917632758
7678,LOAD,37432430,2671.4803180023314
7679,LOAD,37379623,2675.2543758935185
7680,LOAD,38098216,2624.7948197889373
7681,LOAD,37965077,2633.9996623739235
7682,LOAD,38309078,2610.3473437810226
7683,LOAD,36518424,2738.3438014740177
7684,LOAD,36930742,2707.771211312245
7685,LOAD,36760811,2720.288189507027
7686,LOAD,37722506,2650.937347587671
7687,LOAD,36991489,2703.324540409822
7688,LOAD,36613388,2731.241369960081
7689,LOAD,37168934,2690.4188320278436
7690,LOAD,37378755,2675.316499974384
7691,LOAD,37894901,2638.8774574183476
7692,LOAD,38287127,2611.843923415826
7693,LOAD,37118222,2694.094560887103
7694,LOAD,30976624,3228.240753414575
7695,LOAD,37692761,2653.029317751491
7696,LOAD,37134456,2692.916788655797
7697,LOAD,37638101,2656.882184358876
7698,LOAD,37868988,2640.683189104499
7699,LOAD,37208563,2687.553400006337
7700,LOAD,38489368,2598.1200834474603
7701,LOAD,35949390,2781.6883680084698
7702,LOAD,38231857,2615.619743503435
7703,LOAD,37591843,2660.1515653276165
7704,LOAD,38185646,2618.7850796081857
7705,LOAD,37597709,2659.7365280953686
7706,LOAD,38134786,2622.2777282662605
7707,LOAD,36685143,2725.8991466927087
7708,LOAD,38073430,2626.5035748026908
7709,LOAD,37278115,2682.5390715168937
7710,LOAD,37561820,2662.2778129494254
7711,LOAD,37362967,2676.446974888263
7712,LOAD,37309398,2680.289829388295
7713,LOAD,37688038,2653.3617908154306
7714,LOAD,37781617,2646.7898396196224
7715,LOAD,36847197,2713.9106402041925
7716,LOAD,38324204,2609.317078053337
7717,LOAD,37983658,2632.711151727409
7718,LOAD,37058769,2698.4166689400827
7719,LOAD,37632547,2657.2743003549563
7720,LOAD,37452296,2670.0632719553428
7721,LOAD,37330604,2678.767265592595
7722,LOAD,37991358,2632.1775599598204
7723,LOAD,38058236,2627.552154545471
7724,LOAD,37668645,2654.727824693455
7725,LOAD,35690418,2801.872480171008
7726,LOAD,36081769,2771.482739662792
7727,LOAD,35927197,2783.406676563162
7728,LOAD,37597521,2659.7498276548604
7729,LOAD,37487255,2667.573285907437
7730,LOAD,37246125,2684.8430541432162
7731,LOAD,37003308,2702.4610880735313
7732,LOAD,37425224,2671.994695342371
7733,LOAD,37700370,2652.4938614660814
7734,LOAD,36071603,2772.2638220430626
7735,LOAD,34279338,2917.2091946466408
7736,LOAD,35730386,2798.738306381577
7737,LOAD,37060937,2698.2588162841107
7738,LOAD,37578042,2661.128538841912
7739,LOAD,37610033,2658.8649895627586
7740,LOAD,37384565,2674.90072440324
7741,LOAD,37030011,2700.512295283952
7742,LOAD,38847713,2574.154107862154
7743,LOAD,37001942,2702.5608547789193
7744,LOAD,38104926,2624.3326125341378
7745,LOAD,36649210,2728.57177548984
7746,LOAD,38390503,2604.8108825247746
7747,LOAD,37065207,2697.9479704511023
7748,LOAD,37920857,2637.0712033222244
7749,LOAD,38298025,2611.100702973587
7750,LOAD,36967381,2705.087493214626
7751,LOAD,36746979,2721.3121383393172
7752,LOAD,36985067,2703.7939393215106
7753,LOAD,37559984,2662.40794990754
7754,LOAD,36869322,2712.282043049232
7755,LOAD,39697813,2519.030456413304
7756,LOAD,37141163,2692.430498204916
7757,LOAD,38056882,2627.645638441951
7758,LOAD,37174036,2690.049581917874
7759,LOAD,37368515,2676.049610213304
7760,LOAD,37325456,2679.1367264207033
7761,LOAD,37718081,2651.2483495647616
7762,LOAD,38352406,2607.398346794723
7763,LOAD,37214220,2687.1448602174114
7764,LOAD,42321569,2362.861357999275
7765,LOAD,40479029,2470.4149894504635
7766,LOAD,40289765,2482.0199373215505
7767,LOAD,40957410,2441.560635792156
7768,LOAD,38428590,2602.2292256884784
7769,LOAD,37154667,2691.4519244648322
7770,LOAD,37943052,2635.5286338062633
7771,LOAD,36432302,2744.8169484321907
7772,LOAD,34282999,2916.8976728086127
7773,LOAD,36230587,2760.0988082252156
7774,LOAD,36718439,2723.427322169115
7775,LOAD,35753993,2796.890406058982
7776,LOAD,36136114,2767.3147145816506
7777,LOAD,36902961,2709.809654569453
7778,LOAD,37580079,2660.9842943651074
7779,LOAD,37486278,2667.6428105238933
7780,LOAD,36855540,2713.2962914123627
7781,LOAD,33774291,2960.831953511622
7782,LOAD,34060187,2935.9791829680794
7783,LOAD,34416977,2905.542808132161
7784,LOAD,37263465,2683.5937023033152
7785,LOAD,37973243,2633.4332308673243
7786,LOAD,37845163,2642.3456017351546
7787,LOAD,37873611,2640.3608570621905
7788,LOAD,33293432,3003.595423866185
7789,LOAD,36545604,2736.307217688891
7790,LOAD,37620542,2658.1222567181517
7791,LOAD,37672053,2654.487664901087
7792,LOAD,37410311,2673.0598417104848
7793,LOAD,37610595,2658.825259212198
7794,LOAD,43608723,2293.1192000279393
7795,LOAD,37432371,2671.484528725151
7796,LOAD,36589375,2733.0338383752114
7797,LOAD,38075484,2626.3618868246035
7798,LOAD,36975531,2704.491248550291
7799,LOAD,38093884,2625.0933089416662
7800,LOAD,37119144,2694.0276424477893
7801,LOAD,37975005,2633.31104235536
7802,LOAD,36062158,2772.9899026009484
7803,LOAD,37830103,2643.397508063882
7804,LOAD,37202948,2687.9590294833624
7805,LOAD,37845047,2642.3537008687026
7806,LOAD,37676128,2654.2005590383383
7807,LOAD,37987201,2632.465603348875
7808,LOAD,37091537,2696.032790444893
7809,LOAD,37582364,2660.8225070674107
7810,LOAD,37213359,2687.2070322918175
7811,LOAD,37330057,2678.8065177612775
7812,LOAD,32822682,3046.6736386746215
7813,LOAD,34263717,2918.539164913135
7814,LOAD,35174299,2842.9848736999706
7815,LOAD,37347716,2677.5399063225177
7816,LOAD,34632986,2887.4206803883444
7817,LOAD,34145329,2928.658265380896
7818,LOAD,35407793,2824.237026012889
7819,LOAD,36517926,2738.3811446466043
7820,LOAD,36829659,2715.2029835519247
7821,LOAD,37529955,2664.5382335257264
7822,LOAD,34158187,2927.5558448110846
7823,LOAD,37693815,2652.9551333554323
7824,LOAD,33993549,2941.7346214718564
7825,LOAD,35450613,2820.825693479546
7826,LOAD,36885051,2711.1254366979183
7827,LOAD,36506228,2739.258627322439
7828,LOAD,34696280,2882.1533605331756
7829,LOAD,36314106,2753.7508427166017
7830,LOAD,40344630,2478.644617635606
7831,LOAD,38771642,2579.2046671636967
7832,LOAD,38057968,2627.570657477036
7833,LOAD,37718200,2651.239984940957
7834,LOAD,36476471,2741.4932765836916
7835,LOAD,37483754,2667.822438488952
7836,LOAD,36869577,2712.2632841705777
7837,LOAD,37852842,2641.8095634668593
7838,LOAD,35547992,2813.0984163606204
7839,LOAD,38903113,2570.488382253626
7840,LOAD,37898530,2638.624769878937
7841,LOAD,37749824,2649.0189729096483
7842,LOAD,37719459,2651.151491859944
7843,LOAD,37324390,2679.213243672569
7844,LOAD,37791261,2646.114401951287
7845,LOAD,36861577,2712.8519216635796
7846,LOAD,37527393,2664.720141897413
7847,LOAD,37894196,2638.9265522350706
7848,LOAD,37847589,2642.176229508305
7849,LOAD,37735163,2650.0481792009223
7850,LOAD,37932409,2636.268105197326
7851,LOAD,38145171,2621.563814722446
7852,LOAD,36966679,2705.138863028513
7853,LOAD,36437551,2744.42154468614
7854,LOAD,33987482,2942.2597413953763
7855,LOAD,39198489,2551.118743378093
7856,LOAD,38206675,2617.3436971419264
7857,LOAD,37125820,2693.543199853902
7858,LOAD,30598271,3268.158517845665
7859,LOAD,36436688,2744.486546087833
7860,LOAD,36248587,2758.728222978733
7861,LOAD,36187631,2763.375143291364
7862,LOAD,37077514,2697.052450711771
7863,LOAD,37899283,2638.5723444952773
7864,LOAD,37384105,2674.9336382401025
7865,LOAD,37652451,2655.8696006270616
7866,LOAD,37702001,2652.3791137770113
7867,LOAD,37302950,2680.7531307845625
7868,LOAD,37725545,2650.7238000140223
7869,LOAD,37320798,2679.4711088439212
7870,LOAD,37508393,2666.069964660976
7871,LOAD,37409641,2673.107715735631
7872,LOAD,39047700,2560.970300427426
7873,LOAD,34002013,2941.0023459493414
7874,LOAD,35623115,2807.166077419114
7875,LOAD,36912150,2709.1350679925176
7876,LOAD,37534506,2664.2151624427934
7877,LOAD,37994148,2631.984272946455
7878,LOAD,37823425,2643.8642190653013
7879,LOAD,36912642,2709.09895856276
7880,LOAD,37649950,2656.0460239655035
7881,LOAD,36835465,2714.775013699433
7882,LOAD,38232110,2615.6024347073703
7883,LOAD,37896176,2638.7886735590423
7884,LOAD,37634081,2657.165987393182
7885,LOAD,36064572,2772.804291147556
7886,LOAD,38877747,2572.165511545718
7887,LOAD,38081786,2625.92726086954
7888,LOAD,36280192,2756.3249940904393
7889,LOAD,36867632,2712.4063731568112
7890,LOAD,39555589,2528.087750128054
7891,LOAD,37605504,2659.185208633289
7892,LOAD,37654855,2655.7000418671114
7893,LOAD,35721135,2799.4631189630454
7894,LOAD,37549658,2663.1401010363393
7895,LOAD,39790884,2513.138436431822
7896,LOAD,36910501,2709.256100316818
7897,LOAD,36650941,2728.4429068274126
7898,LOAD,38870177,2572.666442964744
7899,LOAD,36758636,2720.449148330749
7900,LOAD,38081632,2625.9378799732112
7901,LOAD,36656463,2728.0318889468413
7902,LOAD,38474541,2599.1213254499903
7903,LOAD,37409438,2673.1222211892086
7904,LOAD,37130822,2693.180344889752
7905,LOAD,38083562,2625.804802607487
7906,LOAD,37482133,2667.9378145315263
7907,LOAD,36337720,2751.9613228347844
7908,LOAD,38416228,2603.0665998754484
7909,LOAD,37383723,2674.9609716506834
7910,LOAD,37843480,2642.4631138573936
7911,LOAD,36735444,2722.1666355795237
7912,LOAD,37735779,2650.004919734133
7913,LOAD,37586914,2660.5004071363774
7914,LOAD,37538740,2663.9146652231802
7915,LOAD,38036186,2629.075375748767
7916,LOAD,35873020,2787.6102987704962
7917,LOAD,38022763,2630.0035060576743
7918,LOAD,38431651,2602.0219636153547
7919,LOAD,36562730,2735.0255300958106
7920,LOAD,38304986,2610.6261988974493
7921,LOAD,36975791,2704.472231574437
7922,LOAD,37192506,2688.7136887199804
7923,LOAD,36444501,2743.8981809628835
7924,LOAD,38834367,2575.038753689483
7925,LOAD,36614419,2731.1644628308864
7926,LOAD,38110984,2623.915457024148
7927,LOAD,35752819,2796.9822463509804
7928,LOAD,36816541,2716.170430024917
7929,LOAD,37144496,2692.188904649561
7930,LOAD,36512756,2738.7688839483935
7931,LOAD,34888862,2866.2442472328275
7932,LOAD,35923398,2783.7010296186345
7933,LOAD,37901431,2638.4228078354085
7934,LOAD,38261313,2613.6060725359844
7935,LOAD,36948285,2706.4855648915777
7936,LOAD,33798146,2958.7421747926646
7937,LOAD,34278528,2917.2781281623293
7938,LOAD,37591071,2660.2061963065644
7939,LOAD,36014096,2776.690549167193
7940,LOAD,34198828,2924.0768133925526
7941,LOAD,37162134,2690.911130130471
7942,LOAD,36649792,2728.528445673034
7943,LOAD,36507620,2739.1541820584303
7944,LOAD,36455733,2743.052786786649
7945,LOAD,35927115,2783.4130294068977
7946,LOAD,37048638,2699.154554615476
7947,LOAD,38138617,2622.014322123951
7948,LOAD,36465459,2742.321164804205
7949,LOAD,34348523,2911.333334478458
7950,LOAD,34272202,2917.816602504852
7951,LOAD,36489922,2740.4827009495934
7952,LOAD,36506797,2739.215932857654
7953,LOAD,37107211,2694.893992437211
7954,LOAD,38041828,2628.685456440211
7955,LOAD,37687173,2653.4226910572465
7956,LOAD,37576635,2661.2281807564727
7957,LOAD,37877126,2640.11583138594
7958,LOAD,36877898,2711.6512985637087
7959,LOAD,34125329,2930.3746785855164
7960,LOAD,35556644,2812.413904979334
7961,LOAD,34090651,2933.3555407903477
7962,LOAD,37512753,2665.760094973568
7963,LOAD,36742651,2721.632687853688
7964,LOAD,36802029,2717.2414868756287
7965,LOAD,35419610,2823.2947793609246
7966,LOAD,34824902,2871.50843956431
7967,LOAD,37506127,2666.2310400644674
7968,LOAD,40360091,2477.6951072781276
7969,LOAD,39128632,2555.6732982640438
7970,LOAD,35783504,2794.5837836339333
7971,LOAD,37643980,2656.4672492122245
7972,LOAD,40153824,2490.4228299650863
7973,LOAD,37859240,2641.3631124132444
7974,LOAD,36946005,2706.652586659911
7975,LOAD,36934079,2707.526563746181
7976,LOAD,38082309,2625.891197931302
7977,LOAD,37347741,2677.53811401873
7978,LOAD,38061329,2627.3386302406834
7979,LOAD,37422026,2672.223037844076
7980,LOAD,37646643,2656.2793394353916
7981,LOAD,34644747,2886.4404753771187
7982,LOAD,37968413,2633.7682325568885
7983,LOAD,39434388,2535.8577899066163
7984,LOAD,35729278,2798.825098005059
7985,LOAD,39608459,2524.713218456694
7986,LOAD,32119810,3113.343447548413
7987,LOAD,37154947,2691.4316416599922
7988,LOAD,37273973,2682.8371636154807
7989,LOAD,37171548,2690.2296347733486
7990,LOAD,36529349,2737.5248324299455
7991,LOAD,38102468,2624.5019089052184
7992,LOAD,36011682,2776.876681294698
7993,LOAD,31292886,3195.6144920605916
7994,LOAD,36502823,2739.5141466181944
7995,LOAD,36257281,2758.0667176890624
7996,LOAD,37283716,2682.136083216598
7997,LOAD,38905550,2570.327369745448
7998,LOAD,36618608,2730.852030202787
7999,LOAD,35466513,2819.561088511859
8000,LOAD,38456706,2600.326715449836
8001,LOAD,38407635,2603.6489880202207
8002,LOAD,37102582,2695.230213358197
8003,LOAD,37913964,2637.550639653506
8004,LOAD,38349591,2607.589739353413
8005,LOAD,36615267,2731.1012097767853
8006,LOAD,38410352,2603.4648159433686
8007,LOAD,37898628,2638.617946802718
8008,LOAD,36910923,2709.22512558139
8009,LOAD,37042294,2699.6168217875493
8010,LOAD,37403731,2673.5300817985244
8011,LOAD,37438117,2671.074509436465
8012,LOAD,37653616,2655.787428224689
8013,LOAD,38218957,2616.5025905861326
8014,LOAD,36370402,2749.488443927565
8015,LOAD,38253910,2614.1118646433792
8016,LOAD,37249074,2684.630495780915
8017,LOAD,38232004,2615.6096865861387
8018,LOAD,38225208,2616.0747117451915
8019,LOAD,36546911,2736.2093611687183
8020,LOAD,36948605,2706.462124889424
8021,LOAD,38460331,2600.081626962597
8022,LOAD,36930229,2707.8088251226386
8023,LOAD,37978110,2633.0957491038916
8024,LOAD,36547378,2736.17439806489
8025,LOAD,37542850,2663.623033413819
8026,LOAD,36758017,2720.4949603238933
8027,LOAD,38592088,2591.2047049643957
8028,LOAD,37133153,2693.011282936302
8029,LOAD,37793081,2645.986973118175
8030,LOAD,37307560,2680.4218769600584
8031,LOAD,37786643,2646.437790200098
8032,LOAD,38212621,2616.936430505513
8033,LOAD,37604843,2659.231950522969
8034,LOAD,38188617,2618.581343231152
8035,LOAD,36850937,2713.635205530866
8036,LOAD,36973271,2704.656561222295
8037,LOAD,38380874,2605.4643779086427
8038,LOAD,36476029,2741.5264967576377
8039,LOAD,37014891,2701.6154120243123
8040,LOAD,36267525,2757.287683678442
8041,LOAD,38199187,2617.8567622394685
8042,LOAD,37340773,2678.0377578150296
8043,LOAD,38257883,2613.84039467108
8044,LOAD,36948160,2706.494721252696
8045,LOAD,37537891,2663.9749153728426
8046,LOAD,37055264,2698.671907991264
8047,LOAD,37783983,2646.624099952617
8048,LOAD,38423956,2602.543059335171
8049,LOAD,37127808,2693.3989746984253
8050,LOAD,36733159,2722.335968981051
8051,LOAD,37891933,2639.0841554586304
8052,LOAD,38275396,2612.6444256775294
8053,LOAD,36740790,2721.770544400379
8054,LOAD,38149582,2621.2606995274546
8055,LOAD,37145696,2692.101932886114
8056,LOAD,36629395,2730.0478208826544
8057,LOAD,37574483,2661.3805970397516
8058,LOAD,36297872,2754.9824408439154
8059,LOAD,37179771,2689.6346402994254
8060,LOAD,37529919,2664.5407894432174
8061,LOAD,37234614,2685.6730675387153
8062,LOAD,37268868,2683.2046522046226
8063,LOAD,36889645,2710.787810508884
8064,LOAD,38458812,2600.1843218662084
8065,LOAD,36674059,2726.7229951285185
8066,LOAD,36627984,2730.152989037016
8067,LOAD,36197933,2762.588681513942
8068,LOAD,36864651,2712.6257074833015
8069,LOAD,35086007,2850.1390882125743
8070,LOAD,37538853,2663.9066462686005
8071,LOAD,36592158,2732.825978724731
8072,LOAD,36685713,2725.8567933516792
8073,LOAD,37622981,2657.949937566085
8074,LOAD,33596517,2976.499022205189
8075,LOAD,35201931,2840.753252996263
8076,LOAD,36841242,2714.3493153678155
8077,LOAD,37108673,2694.7878195482763
8078,LOAD,37982322,2632.803755389152
8079,LOAD,36810584,2716.60998369382
8080,LOAD,37333890,2678.5314897536796
8081,LOAD,37435109,2671.289136623056
8082,LOAD,37652674,2655.853871095583
8083,LOAD,36910194,2709.2786345148984
8084,LOAD,42491253,2353.425539133901
8085,LOAD,38005294,2631.2123779387157
8086,LOAD,37912439,2637.656733189864
8087,LOAD,36873625,2711.965530918102
8088,LOAD,37471879,2668.66788292095
8089,LOAD,35434140,2822.1370689397286
8090,LOAD,37471933,2668.6640371608264
8091,LOAD,38602247,2590.5227744903036
8092,LOAD,38018979,2630.2652683019182
8093,LOAD,32555973,3071.632968856437
8094,LOAD,38198389,2617.911451710699
8095,LOAD,38376198,2605.7818442566927
8096,LOAD,38765293,2579.627090655551
8097,LOAD,39156214,2553.873058309468
8098,LOAD,38268132,2613.1403539634493
8099,LOAD,37373874,2675.6658943089496
8100,LOAD,37713807,2651.5488081062726
8101,LOAD,37177398,2689.8063172683574
8102,LOAD,37012373,2701.799206443748
8103,LOAD,36260729,2757.804455613675
8104,LOAD,38510617,2596.6865189409973
8105,LOAD,37703523,2652.272043649608
8106,LOAD,38326187,2609.1820717777114
8107,LOAD,37760511,2648.269246144471
8108,LOAD,39325646,2542.8698615656563
8109,LOAD,37434361,2671.3425133662627
8110,LOAD,39282118,2545.6875823243545
8111,LOAD,38380220,2605.508775093004
8112,LOAD,31831001,3141.591431573264
8113,LOAD,35341156,2829.5622248462955
8114,LOAD,37112142,2694.5359284301076
8115,LOAD,36144999,2766.6344658081193
8116,LOAD,38104676,2624.349830451255
8117,LOAD,37054555,2698.7235442444257
8118,LOAD,37070079,2697.593387918056
8119,LOAD,36654251,2728.1965194159884
8120,LOAD,37907698,2637.986616860776
8121,LOAD,37074095,2697.301174849986
8122,LOAD,37462982,2669.3016589015792
8123,LOAD,37706974,2652.029303650831
8124,LOAD,38247805,2614.5291213443493
8125,LOAD,37803363,2645.267300689624
8126,LOAD,37306041,2680.5310164109883
8127,LOAD,37185877,2689.1929965777063
8128,LOAD,38227968,2615.8858352084003
8129,LOAD,36436353,2744.511779211273
8130,LOAD,36985637,2703.752270104203
8131,LOAD,36982325,2703.994408139564
8132,LOAD,38042109,2628.666039519523
8133,LOAD,37742582,2649.5272633970826
8134,LOAD,37894895,2638.877875238868
8135,LOAD,38907938,2570.1696142314195
8136,LOAD,34492045,2899.219225766405
8137,LOAD,34574699,2892.2883753810843
8138,LOAD,37625540,2657.769164243224
8139,LOAD,35765562,2795.9857026711898
8140,LOAD,37316934,2679.7485559772945
8141,LOAD,36988306,2703.557172907567
8142,LOAD,37657092,2655.542281384872
8143,LOAD,37464028,2669.2271316901642
8144,LOAD,37519978,2665.2467653365893
8145,LOAD,37331024,2678.737127596607
8146,LOAD,38826817,2575.5394782940875
8147,LOAD,37602870,2659.3714788259513
8148,LOAD,37647804,2656.1974238922407
8149,LOAD,35354553,2828.490010890535
8150,LOAD,38482440,2598.5878234332336
8151,LOAD,36151806,2766.1135380069254
8152,LOAD,37054402,2698.7346874468517
8153,LOAD,36850768,2713.6476504370276
8154,LOAD,38245377,2614.695104195208
8155,LOAD,37558509,2662.512508150949
8156,LOAD,37356197,2676.9320228180613
8157,LOAD,38268783,2613.095901168323
8158,LOAD,35767289,2795.8507003424274
8159,LOAD,38245374,2614.6953092941385
8160,LOAD,38511302,2596.640331713532
8161,LOAD,36698812,2724.8838463762804
8162,LOAD,34858552,2868.736486816779
8163,LOAD,36360326,2750.250369042346
8164,LOAD,37095438,2695.749272457708
8165,LOAD,38274975,2612.6731630784866
8166,LOAD,38187965,2618.626051427459
8167,LOAD,36157975,2765.6416046529152
8168,LOAD,38114479,2623.674850704374
8169,LOAD,36258634,2757.9637997393943
8170,LOAD,38441566,2601.350839869531
8171,LOAD,36626365,2730.273670346484
8172,LOAD,38719352,2582.68785076775
8173,LOAD,37198165,2688.30465158698
8174,LOAD,37250610,2684.5197971254697
8175,LOAD,37792661,2646.016378682623
8176,LOAD,36549556,2736.0113485373117
8177,LOAD,38530037,2595.377730885646
8178,LOAD,37962112,2634.2053887834268
8179,LOAD,36251057,2758.5402544262365
8180,LOAD,36056557,2773.4206568863465
8181,LOAD,38948587,2567.487236443263
8182,LOAD,38007473,2631.0615283473335
8183,LOAD,37119327,2694.0143607668315
8184,LOAD,38005916,2631.169315850722
8185,LOAD,37680920,2653.8630160834714
8186,LOAD,37959085,2634.4154502143556
8187,LOAD,36915574,2708.8837898064376
8188,LOAD,37629963,2657.4567718814924
8189,LOAD,37117532,2694.144643022063
8190,LOAD,35252882,2836.6475115424605
8191,LOAD,38965369,2566.3814450210903
8192,LOAD,37493669,2667.116947130461
8193,LOAD,37328641,2678.9081338375
8194,LOAD,38051872,2627.991600518366
8195,LOAD,35234852,2838.099050338001
8196,LOAD,36615667,2731.071374447446
8197,LOAD,38339045,2608.3070144287635
8198,LOAD,38676398,2585.556183386054
8199,LOAD,36377736,2748.9341282811
8200,LOAD,37258906,2683.922066847588
8201,LOAD,36930364,2707.798926650168
8202,LOAD,38159648,2620.5692463410564
8203,LOAD,37552382,2662.9469203844383
8204,LOAD,38579898,2592.023441845284
8205,LOAD,37265574,2683.4418275698636
8206,LOAD,37866031,2640.8894029585513
8207,LOAD,38300713,2610.9174521111395
8208,LOAD,36405174,2746.8623003971907
8209,LOAD,37629113,2657.516800887653
8210,LOAD,31993699,3125.6154532178352
8211,LOAD,38786453,2578.2197717331874
8212,LOAD,37869629,2640.638491599693
8213,LOAD,37764648,2647.9791364664643
8214,LOAD,37245299,2684.9025967008615
8215,LOAD,37955182,2634.6863519189556
8216,LOAD,36041870,2774.5508210312064
8217,LOAD,37879107,2639.9777587153785
8218,LOAD,37370002,2675.943126789236
8219,LOAD,38394532,2604.537541960402
8220,LOAD,35319882,2831.266537073935
8221,LOAD,38535295,2595.023601090896
8222,LOAD,37534084,2664.245116518629
8223,LOAD,38219727,2616.4498767874506
8224,LOAD,36919666,2708.5835500245316
8225,LOAD,38269489,2613.04769447013
8226,LOAD,35881669,2786.9383667744105
8227,LOAD,37901243,2638.435895097161
8228,LOAD,36851866,2713.566797404506
8229,LOAD,38667775,2586.132768177119
8230,LOAD,37921695,2637.0129288788385
8231,LOAD,38351320,2607.4721808793024
8232,LOAD,36634514,2729.6663468771553
8233,LOAD,37950180,2635.033615123828
8234,LOAD,36065662,2772.7204896446933
8235,LOAD,37452218,2670.0688327724674
8236,LOAD,37193781,2688.621519818058
8237,LOAD,36968203,2705.0273447156737
8238,LOAD,36956073,2705.9152091186747
8239,LOAD,37486318,2667.6399639996653
8240,LOAD,36569885,2734.490414722387
8241,LOAD,35323877,2830.9463312874745
8242,LOAD,36086589,2771.1125592945345
8243,LOAD,35501892,2816.751287508846
8244,LOAD,37596517,2659.8208552137958
8245,LOAD,36818230,2716.0458283844714
8246,LOAD,37515849,2665.54010279762
8247,LOAD,36492008,2740.326046185236
8248,LOAD,36998534,2702.809792409613
8249,LOAD,36746708,2721.332207500057
8250,LOAD,37150150,2691.779171820302
8251,LOAD,37689670,2653.2468976247337
8252,LOAD,37262727,2683.6468517186086
8253,LOAD,36517455,2738.416464126539
8254,LOAD,37350736,2677.3234133860174
8255,LOAD,37648430,2656.1532579180594
8256,LOAD,37999740,2631.596953031784
8257,LOAD,37212463,2687.271734741127
8258,LOAD,37286646,2681.9253198584825
8259,LOAD,37527471,2664.7146033368463
8260,LOAD,37124998,2693.6028387126107
8261,LOAD,38262449,2613.528475398948
8262,LOAD,37661722,2655.2158183314086
8263,LOAD,36966742,2705.1342528373207
8264,LOAD,37146906,2692.014242047507
8265,LOAD,38338020,2608.376749764333
8266,LOAD,37151159,2691.7060649440305
8267,LOAD,37978734,2633.052486688998
8268,LOAD,36937942,2707.243408417285
8269,LOAD,37389795,2674.526565336879
8270,LOAD,37338190,2678.223020451714
8271,LOAD,37909743,2637.8443135317484
8272,LOAD,36426602,2745.2464547750023
8273,LOAD,38232416,2615.5815002640693
8274,LOAD,37861557,2641.201469870877
8275,LOAD,37999196,2631.63462721685
8276,LOAD,38067404,2626.919345485182
8277,LOAD,37846882,2642.225586773568
8278,LOAD,38051445,2628.0210909204634
8279,LOAD,36086500,2771.119393679077
8280,LOAD,36814567,2716.316071298625
8281,LOAD,36959054,2705.696958585574
8282,LOAD,37349137,2677.438035582991
8283,LOAD,35607720,2808.3797558506976
8284,LOAD,35619279,2807.4683937313835
8285,LOAD,36638784,2729.3482229104548
8286,LOAD,36514049,2738.6719013276233
8287,LOAD,36592891,2732.7712369050046
8288,LOAD,36270124,2757.0901053440016
8289,LOAD,35600121,2808.979216671764
8290,LOAD,36741312,2721.731875007621
8291,LOAD,38441919,2601.326952486425
8292,LOAD,37559134,2662.468202807871
8293,LOAD,37514974,2665.6022739080136
8294,LOAD,37059918,2698.333007644539
8295,LOAD,38141472,2621.818056733626
8296,LOAD,37882990,2639.7071614463375
8297,LOAD,37615125,2658.5050561443036
8298,LOAD,37246971,2684.7820726147097
8299,LOAD,37257233,2684.042585771198
8300,LOAD,37874607,2640.2914226938383
8301,LOAD,36548586,2736.083962317995
8302,LOAD,37942566,2635.562391852992
8303,LOAD,37660756,2655.2839247305606
8304,LOAD,37722545,2650.9346068776645
8305,LOAD,37946315,2635.302004950942
8306,LOAD,37542630,2663.6386422581477
8307,LOAD,37129716,2693.260567896614
8308,LOAD,37710636,2651.771770701507
8309,LOAD,36879260,2711.5511536836693
8310,LOAD,37969474,2633.694635854055
8311,LOAD,37249766,2684.5806226004215
8312,LOAD,38409480,2603.5239216984974
8313,LOAD,36261803,2757.7227751195933
8314,LOAD,37873321,2640.3810745828177
8315,LOAD,38220901,2616.3695094472
8316,LOAD,37398326,2673.9164742293547
8317,LOAD,37363088,2676.438307240558
8318,LOAD,38029487,2629.538494694919
8319,LOAD,37840447,2642.674913433237
8320,LOAD,37894854,2638.880730349297
8321,LOAD,37634024,2657.170011901996
8322,LOAD,36278558,2756.4491400126763
8323,LOAD,37760555,2648.2661602828666
8324,LOAD,36960605,2705.583417803902
8325,LOAD,37873919,2640.339385000005
8326,LOAD,37301063,2680.888745717515
8327,LOAD,37278138,2682.5374164342647
8328,LOAD,36606602,2731.7476776456883
8329,LOAD,38555848,2593.6402695642955
8330,LOAD,38195928,2618.0801262375403
8331,LOAD,37709804,2651.830277346443
8332,LOAD,36674913,2726.6595015508287
8333,LOAD,37110310,2694.6689477937534
8334,LOAD,37737147,2649.908855059976
8335,LOAD,37523654,2664.9856647756105
8336,LOAD,37795161,2645.8413551935923
8337,LOAD,37954729,2634.7177976162075
8338,LOAD,38375531,2605.8271350043337
8339,LOAD,37862091,2641.1642188488745
8340,LOAD,34201867,2923.816995136552
8341,LOAD,36856825,2713.201693309177
8342,LOAD,38517707,2596.208543774426
8343,LOAD,38090915,2625.297922089821
8344,LOAD,37604072,2659.286473018135
8345,LOAD,37941905,2635.608306962974
8346,LOAD,38290636,2611.6045708929983
8347,LOAD,37519279,2665.2964200084975
8348,LOAD,37251728,2684.4392292352186
8349,LOAD,37266986,2683.340155278455
8350,LOAD,38044385,2628.508779942165
8351,LOAD,36304564,2754.474616469709
8352,LOAD,38793761,2577.734084612214
8353,LOAD,37999523,2631.6119810240775
8354,LOAD,37471809,2668.6728681820514
8355,LOAD,37308284,2680.3698610206784
8356,LOAD,37308835,2680.330275657227
8357,LOAD,37499640,2666.6922669124287
8358,LOAD,38388510,2604.94611538713
8359,LOAD,37420681,2672.319084732851
8360,LOAD,37538101,2663.960012255282
8361,LOAD,35058965,2852.3374834368324
8362,LOAD,36588560,2733.094715944
8363,LOAD,38743590,2581.0721205753002
8364,LOAD,38749250,2580.69511022794
8365,LOAD,36852930,2713.4884526142155
8366,LOAD,36501700,2739.59842966218
8367,LOAD,36956339,2705.8957327997236
8368,LOAD,36914458,2708.9656849356966
8369,LOAD,36260408,2757.828869437983
8370,LOAD,37571676,2661.5794302069467
8371,LOAD,36705749,2724.3688720260143
8372,LOAD,35984078,2779.006870761007
8373,LOAD,35972494,2779.9017771745266
8374,LOAD,35400805,2824.7945209155555
8375,LOAD,38937278,2568.2329411932697
8376,LOAD,38601515,2590.571898538179
8377,LOAD,38256364,2613.9441793266083
8378,LOAD,37240406,2685.2553648314147
8379,LOAD,37513662,2665.695500481931
8380,LOAD,34505126,2898.120122789872
8381,LOAD,37927370,2636.6183576662447
8382,LOAD,36576218,2734.0169505770114
8383,LOAD,35886205,2786.5860990316473
8384,LOAD,36867351,2712.4270469012
8385,LOAD,37523391,2665.00434355733
8386,LOAD,36920081,2708.5531042036446
8387,LOAD,36169499,2764.7604408344173
8388,LOAD,38541208,2594.625472040212
8389,LOAD,37904841,2638.1854497160402
8390,LOAD,37117109,2694.175346468929
8391,LOAD,35557004,2812.385430448527
8392,LOAD,35731500,2798.651050193807
8393,LOAD,38182689,2618.98788741673
8394,LOAD,39110518,2556.8569559728153
8395,LOAD,38432083,2601.992715305075
8396,LOAD,38188426,2618.5944401060156
8397,LOAD,36807337,2716.8496324523558
8398,LOAD,37188405,2689.010190138566
8399,LOAD,37724237,2650.8157076841608
8400,LOAD,38120898,2623.2330623481116
8401,LOAD,36713809,2723.7707751870694
8402,LOAD,37059384,2698.3718887502287
8403,LOAD,35982064,2779.1624182537166
8404,LOAD,39549538,2528.4745424839098
8405,LOAD,37906027,2638.1029064322674
8406,LOAD,36982501,2703.9815398098685
8407,LOAD,37947541,2635.2168642495176
8408,LOAD,37609534,2658.9002671503454
8409,LOAD,37579516,2661.0241600769955
8410,LOAD,36535752,2737.0450730013713
8411,LOAD,37985472,2632.5854263440506
8412,LOAD,37770294,2647.5833097830796
8413,LOAD,37257455,2684.026592798676
8414,LOAD,36942356,2706.9199376455576
8415,LOAD,38280044,2612.327195862157
8416,LOAD,36771566,2719.4925557426627
8417,LOAD,37591558,2660.171733238617
8418,LOAD,38243000,2614.8576210025367
8419,LOAD,37918606,2637.227750408335
8420,LOAD,35719781,2799.5692358808137
8421,LOAD,39353263,2541.085347865563
8422,LOAD,36798790,2717.480656293318
8423,LOAD,38201442,2617.702232287462
8424,LOAD,37143295,2692.2759545161516
8425,LOAD,37645891,2656.33240026116
8426,LOAD,37860778,2641.25581360214
8427,LOAD,37244460,2684.9630790726997
8428,LOAD,37847383,2642.190610642749
8429,LOAD,38400432,2604.137370121253
8430,LOAD,36760840,2720.2860435180482
8431,LOAD,37196905,2688.3957146434627
8432,LOAD,37426511,2671.902812420853
8433,LOAD,38792804,2577.7976760844617
8434,LOAD,27408391,3648.5177112366796
8435,LOAD,36856655,2713.214207854728
8436,LOAD,36133326,2767.528236952225
8437,LOAD,38574849,2592.362707628486
8438,LOAD,37782169,2646.7511698441667
8439,LOAD,37615325,2658.4909209211937
8440,LOAD,37229556,2686.03794254221
8441,LOAD,37716369,2651.368693524024
8442,LOAD,37663075,2655.120432943938
8443,LOAD,38051516,2628.0161873182665
8444,LOAD,37414435,2672.7652041250926
8445,LOAD,37274155,2682.824064019694
8446,LOAD,37568815,2661.7821190261125
8447,LOAD,37965564,2633.9658749702758
8448,LOAD,37272302,2682.9574411583167
8449,LOAD,37971962,2633.5220708374245
8450,LOAD,37415627,2672.680054245783
8451,LOAD,36366647,2749.772339473584
8452,LOAD,36630961,2729.931109369476
8453,LOAD,37807918,2644.9486057391473
8454,LOAD,38197546,2617.9692276566666
8455,LOAD,36476852,2741.464641740466
8456,LOAD,38020318,2630.1726355892133
8457,LOAD,37967787,2633.811657234592
8458,LOAD,37307621,2680.4174943237467
8459,LOAD,37557752,2662.5661727570914
8460,LOAD,38306546,2610.5198834684807
8461,LOAD,36994544,2703.1013005593472
8462,LOAD,38241087,2614.9884285454546
8463,LOAD,35814157,2792.19192566783
8464,LOAD,39927976,2504.5096200218113
8465,LOAD,39038455,2561.5767837123676
8466,LOAD,37782004,2646.7627286260413
8467,LOAD,36431953,2744.843242414152
8468,LOAD,37992919,2632.0694127239867
8469,LOAD,35850203,2789.384484099016
8470,LOAD,39319358,2543.2765204355574
8471,LOAD,36855753,2713.2806104924784
8472,LOAD,37925826,2636.7256971542297
8473,LOAD,36458105,2742.8743210871767
8474,LOAD,37845713,2642.3072013466885
8475,LOAD,36434463,2744.6541479148464
8476,LOAD,38656813,2586.866123702438
8477,LOAD,37280091,2682.3968857801337
8478,LOAD,38494797,2597.7536652550734
8479,LOAD,37685819,2653.5180249101127
8480,LOAD,38070320,2626.7181363329755
8481,LOAD,27104496,3689.42480981753
8482,LOAD,36262393,2757.677906143701
8483,LOAD,38351329,2607.4715689774403
8484,LOAD,36824174,2715.6074159328055
8485,LOAD,38013994,2630.610190552458
8486,LOAD,37943706,2635.4832076761295
8487,LOAD,36911900,2709.1534166488314
8488,LOAD,37168366,2690.4599465039705
8489,LOAD,37690143,2653.21360017127
8490,LOAD,38654875,2586.995818768008
8491,LOAD,37857708,2641.47000130066
8492,LOAD,37884714,2639.587037663792
8493,LOAD,36201160,2762.3424221765267
8494,LOAD,35756403,2796.701894203396
8495,LOAD,37626799,2657.680234770967
8496,LOAD,36425335,2745.3419440068296
8497,LOAD,36631332,2729.9034607859744
8498,LOAD,37014205,2701.6654822114915
8499,LOAD,34029198,2938.6528592298882
8500,LOAD,35845263,2789.76890196063
8501,LOAD,38754138,2580.3696111109475
8502,LOAD,36788124,2718.2685368789125
8503,LOAD,36446071,2743.7799811123673
8504,LOAD,35244836,2837.295086292925
8505,LOAD,36760934,2720.279087577046
8506,LOAD,37058467,2698.4386591058937
8507,LOAD,37301249,2680.8753776582657
8508,LOAD,37019524,2701.2773043759285
8509,LOAD,36608999,2731.5688145420204
8510,LOAD,38007586,2631.0537059628045
8511,LOAD,34698669,2881.9549245534463
8512,LOAD,34190015,2924.83053897461
8513,LOAD,38063693,2627.1754556238143
8514,LOAD,36531482,2737.364993842845
8515,LOAD,37148318,2691.9119191345353
8516,LOAD,36597570,2732.421852051926
8517,LOAD,37781705,2646.783674797101
8518,LOAD,37974815,2633.3242176426666
8519,LOAD,38433279,2601.911744246438
8520,LOAD,46439329,2153.3472199824423
8521,LOAD,38488843,2598.1555226276873
8522,LOAD,37264778,2683.4991476401656
8523,LOAD,39791213,2513.1176574084334
8524,LOAD,34853659,2869.139220074426
8525,LOAD,38014632,2630.566040991795
8526,LOAD,40180232,2488.786027915419
8527,LOAD,37399901,2673.8038691599745
8528,LOAD,37305360,2680.57994883309
8529,LOAD,40397401,2475.4067718366337
8530,LOAD,38230998,2615.6785130223384
8531,LOAD,37718932,2651.188533121776
8532,LOAD,37081519,2696.761154795196
8533,LOAD,38084508,2625.739578938502
8534,LOAD,37492280,2667.2157574839407
8535,LOAD,38250285,2614.359605425162
8536,LOAD,35734817,2798.391272019107
8537,LOAD,35772279,2795.4606973740756
8538,LOAD,33259804,3006.632269991729
8539,LOAD,35642655,2805.627134117815
8540,LOAD,35751115,2797.11555849377
8541,LOAD,37451562,2670.1156015869246
8542,LOAD,36620796,2730.688868696355
8543,LOAD,38826082,2575.5882347335487
8544,LOAD,37581255,2660.9010263228306
8545,LOAD,37944040,2635.4600090027316
8546,LOAD,36132189,2767.6153249392114
8547,LOAD,37508021,2666.09640641931
8548,LOAD,36905283,2709.63915924991
8549,LOAD,38978671,2565.505632554789
8550,LOAD,37722574,2650.932568917487
8551,LOAD,36664598,2727.426603722752
8552,LOAD,36040220,2774.677846028687
8553,LOAD,39014608,2563.1425029312095
8554,LOAD,37409136,2673.143801022296
8555,LOAD,37748930,2649.0817090709593
8556,LOAD,37658314,2655.4561099044427
8557,LOAD,37822148,2643.9534846090705
8558,LOAD,36883244,2711.258261339485
8559,LOAD,35997189,2777.9946928633785
8560,LOAD,38391722,2604.728175516587
8561,LOAD,38063713,2627.174075214365
8562,LOAD,37130122,2693.231118389538
8563,LOAD,38339604,2608.268984729211
8564,LOAD,37686360,2653.4799327926603
8565,LOAD,37960265,2634.3335590518136
8566,LOAD,35583384,2810.3004480967857
8567,LOAD,37985789,2632.563456823287
8568,LOAD,37290804,2681.626279765918
8569,LOAD,37871167,2640.531251651157
8570,LOAD,36641475,2729.147775846906
8571,LOAD,38597066,2590.870508136551
8572,LOAD,36133283,2767.531530417538
8573,LOAD,38217555,2616.5985762302166
8574,LOAD,37843292,2642.4762412318673
8575,LOAD,37168948,2690.4178186587365
8576,LOAD,37224482,2686.404071385063
8577,LOAD,38719033,2582.709129125203
8578,LOAD,37186353,2689.1585738456256
8579,LOAD,36777009,2719.090070647126
8580,LOAD,36374060,2749.2119383978584
8581,LOAD,38068564,2626.839299743484
8582,LOAD,36668558,2727.132056842813
8583,LOAD,38894300,2571.070825288024
8584,LOAD,36630535,2729.9628574903422
8585,LOAD,36867962,2712.382094784626
8586,LOAD,37410605,2673.0388348437564
8587,LOAD,38550761,2593.98251567589
8588,LOAD,37215973,2687.0182864760786
8589,LOAD,37844715,2642.376881421884
8590,LOAD,36746186,2721.3708655369023
8591,LOAD,38240085,2615.056948748937
8592,LOAD,37195321,2688.510202667696
8593,LOAD,32477594,3079.045818480273
8594,LOAD,36847587,2713.881915795463
8595,LOAD,38079349,2626.0953148122358
8596,LOAD,36882990,2711.276932808322
8597,LOAD,38179264,2619.222832582629
8598,LOAD,37672894,2654.4284068009215
8599,LOAD,37780460,2646.870895695817
8600,LOAD,37511104,2665.8772826307645
8601,LOAD,37587998,2660.4236809845524
8602,LOAD,37379882,2675.2358394282783
8603,LOAD,37875222,2640.2485508863815
8604,LOAD,36737162,2722.039334448317
8605,LOAD,37574225,2661.398871167669
8606,LOAD,36563799,2734.945567335604
8607,LOAD,38120703,2623.246481052566
8608,LOAD,37101525,2695.306998836301
8609,LOAD,37936626,2635.9750600910056
8610,LOAD,36847851,2713.862471925432
8611,LOAD,39203892,2550.767153424461
8612,LOAD,36671462,2726.9160962276333
8613,LOAD,37889424,2639.25891298849
8614,LOAD,36981166,2704.0791520743287
8615,LOAD,38135936,2622.19865273531
8616,LOAD,37257618,2684.014850332085
8617,LOAD,37754579,2648.6853422468307
8618,LOAD,37214694,2687.1106343102
8619,LOAD,37983259,2632.7388073782713
8620,LOAD,36711874,2723.9143389956066
8621,LOAD,36984393,2703.8432130006836
8622,LOAD,36882086,2711.3433876814884
8623,LOAD,37769350,2647.6494829802473
8624,LOAD,37746029,2649.2853062768536
8625,LOAD,37825457,2643.7221895296598
8626,LOAD,36675735,2726.598389916385
8627,LOAD,37370426,2675.912765886051
8628,LOAD,37447262,2670.422206034716
8629,LOAD,37421401,2672.267668439244
8630,LOAD,37345609,2677.6909703092538
8631,LOAD,38111566,2623.875387329925
8632,LOAD,36970438,2704.863815787089
8633,LOAD,38071287,2626.651418429852
8634,LOAD,37668935,2654.707386869313
8635,LOAD,36474630,2741.631649176428
8636,LOAD,38457341,2600.2837793699778
8637,LOAD,36483317,2740.9788424665444
8638,LOAD,40425038,2473.7144341088806
8639,LOAD,37988054,2632.406492841144
8640,LOAD,38054963,2627.778142892952
8641,LOAD,37264433,2683.523991898656
8642,LOAD,37770594,2647.5622808579606
8643,LOAD,37609768,2658.883724036798
8644,LOAD,38461542,2599.9997608000217
8645,LOAD,37870688,2640.5646498949263
8646,LOAD,36526783,2737.717143061846
8647,LOAD,35734530,2798.4137471515646
8648,LOAD,38475047,2599.0871434153155
8649,LOAD,38730974,2581.91286384897
8650,LOAD,39084221,2558.5772836562355
8651,LOAD,37149712,2691.8109082514557
8652,LOAD,37702668,2652.332190390346
8653,LOAD,37624925,2657.8126069354294
8654,LOAD,38210078,2617.110595796219
8655,LOAD,37785557,2646.513851840268
8656,LOAD,37439703,2670.961358854797
8657,LOAD,36826707,2715.420632097244
8658,LOAD,37354703,2677.039086617822
8659,LOAD,38123450,2623.0574620082916
8660,LOAD,37384132,2674.931706318606
8661,LOAD,37677616,2654.095736842798
8662,LOAD,38184205,2618.8839076262034
8663,LOAD,37108471,2694.80248862854
8664,LOAD,36504530,2739.3860433211985
8665,LOAD,37571451,2661.5953693137913
8666,LOAD,37578784,2661.075994369589
8667,LOAD,37236205,2685.558316160307
8668,LOAD,37706704,2652.0482935872624
8669,LOAD,37347947,2677.523345526864
8670,LOAD,37312333,2680.0789969364823
8671,LOAD,37190946,2688.826468678694
8672,LOAD,37660728,2655.28589888119
8673,LOAD,36896814,2710.261108181319
8674,LOAD,36193528,2762.924907458593
8675,LOAD,33262223,3006.4136122230916
8676,LOAD,35598745,2809.0877922803174
8677,LOAD,37225766,2686.311411295069
8678,LOAD,37271014,2683.050157959212
8679,LOAD,37153140,2691.5625435696684
8680,LOAD,36790159,2718.1181793750875
8681,LOAD,33888418,2950.860674582095
8682,LOAD,37264854,2683.493674763894
8683,LOAD,36233217,2759.8984655433715
8684,LOAD,43091298,2320.654160847046
8685,LOAD,37021583,2701.127069579926
8686,LOAD,35595571,2809.338274135285
8687,LOAD,36911136,2709.2094916829437
8688,LOAD,36500236,2739.708313118852
8689,LOAD,37519805,2665.2590545180074
8690,LOAD,37765127,2647.9455504015646
8691,LOAD,36630999,2729.928277413346
8692,LOAD,36821524,2715.8028548736875
8693,LOAD,35616968,2807.650555768812
8694,LOAD,40011421,2499.2863912531375
8695,LOAD,37562216,2662.2497458616394
8696,LOAD,37126805,2693.471738276429
8697,LOAD,37601242,2659.4866201494087
8698,LOAD,38673078,2585.7781477853923
8699,LOAD,37812201,2644.649011571688
8700,LOAD,37837199,2642.9017644778623
8701,LOAD,37200768,2688.116546411085
8702,LOAD,37755518,2648.619468020542
8703,LOAD,36683204,2726.043232210578
8704,LOAD,37314235,2679.9423865985727
8705,LOAD,36257358,2758.0608603638466
8706,LOAD,38292480,2611.478807327183
8707,LOAD,36728710,2722.6657293436115
8708,LOAD,37582946,2660.781302242778
8709,LOAD,37190497,2688.8589308177297
8710,LOAD,37197143,2688.378513371309
8711,LOAD,36166540,2764.986642349531
8712,LOAD,39468345,2533.676038354281
8713,LOAD,37159330,2691.114183167457
8714,LOAD,37980485,2632.9310960615694
8715,LOAD,36140335,2766.9915068579194
8716,LOAD,37902807,2638.3270241700043
8717,LOAD,37859631,2641.3358334105264
8718,LOAD,38144758,2621.5921988546893
8719,LOAD,35910879,2784.6714640429714
8720,LOAD,37780176,2646.8907926739143
8721,LOAD,38356727,2607.104615573691
8722,LOAD,37983635,2632.7127458970162
8723,LOAD,37297431,2681.1498089506485
8724,LOAD,37753840,2648.7371880582214
8725,LOAD,37763892,2648.0321466865753
8726,LOAD,37632413,2657.2837622716356
8727,LOAD,36532357,2737.2994302010134
8728,LOAD,38075683,2626.348160320591
8729,LOAD,37602680,2659.3849161815065
8730,LOAD,37785421,2646.523377362925
8731,LOAD,37554755,2662.778654793514
8732,LOAD,37703502,2652.2735209052994
8733,LOAD,37726549,2650.6532574712837
8734,LOAD,38054474,2627.8119098427164
8735,LOAD,36859125,2713.0323902154487
8736,LOAD,37738822,2649.7912414966213
8737,LOAD,37707593,2651.9857684896515
8738,LOAD,38636845,2588.2030481526117
8739,LOAD,36156711,2765.7382885296174
8740,LOAD,37641316,2656.655256155231
8741,LOAD,36064952,2772.7750753695723
8742,LOAD,39304542,2544.23521841318
8743,LOAD,37559471,2662.444313978757
8744,LOAD,37946375,2635.297838067536
8745,LOAD,36267577,2757.283730313718
8746,LOAD,37689559,2653.2547117359477
8747,LOAD,36632410,2729.82312657016
8748,LOAD,37653111,2655.8230473970666
8749,LOAD,35344102,2829.326375303014
8750,LOAD,39279345,2545.8672999766163
8751,LOAD,37779171,2646.9612051572017
8752,LOAD,36578454,2733.8498231773274
8753,LOAD,37649814,2656.0556182296145
8754,LOAD,38349733,2607.580084064731
8755,LOAD,36757323,2720.5463248779024
8756,LOAD,36712892,2723.8388084490866
8757,LOAD,36803267,2717.1500834423205
8758,LOAD,39527021,2529.9149156724966
8759,LOAD,38350802,2607.5073997148743
8760,LOAD,37708248,2651.9397029530514
8761,LOAD,37210998,2687.3775328466063
8762,LOAD,37881448,2639.814613211195
8763,LOAD,37546050,2663.3960163585784
8764,LOAD,37910290,2637.806252603185
8765,LOAD,37430694,2671.6042187195353
8766,LOAD,36573645,2734.2092919642
8767,LOAD,37279058,2682.4712148037647
8768,LOAD,37617291,2658.351979678707
8769,LOAD,37388568,2674.6143366603396
8770,LOAD,37728978,2650.4826078246806
8771,LOAD,37047590,2699.2309081373446
8772,LOAD,37507858,2666.107992623839
8773,LOAD,38306564,2610.518656802526
8774,LOAD,37855022,2641.6574265892646
8775,LOAD,37364429,2676.3422505399453
8776,LOAD,36719487,2723.349593636752
8777,LOAD,37795069,2645.8477956476277
8778,LOAD,37796868,2645.7218624569637
8779,LOAD,37366753,2676.1757972387913
8780,LOAD,37686998,2653.4350122554206
8781,LOAD,37567747,2661.857789874916
8782,LOAD,36947532,2706.540723748477
8783,LOAD,38675826,2585.594422728037
8784,LOAD,38600125,2590.665185669736
8785,LOAD,36715412,2723.6518549757798
8786,LOAD,36742982,2721.608169962906
8787,LOAD,37872933,2640.4081247153476
8788,LOAD,33073438,3023.5743861886995
8789,LOAD,37910611,2637.783917542242
8790,LOAD,37860845,2641.2511395347888
8791,LOAD,36917082,2708.77313651171
8792,LOAD,35773394,2795.373567294174
8793,LOAD,36118928,2768.631449969944
8794,LOAD,37168539,2690.447423827985
8795,LOAD,36774862,2719.248817303516
8796,LOAD,32364401,3089.814639238959
8797,LOAD,34592668,2890.785989678506
8798,LOAD,37557865,2662.5581619189484
8799,LOAD,26918567,3714.908003832448
8800,LOAD,36252884,2758.4012350576027
8801,LOAD,35880910,2786.997319744678
8802,LOAD,38011180,2630.8049368633124
8803,LOAD,33121019,3019.230779101332
8804,LOAD,35891296,2786.19083579484
8805,LOAD,38396721,2604.3890570759936
8806,LOAD,36866710,2712.474207760877
8807,LOAD,36856037,2713.2597028812406
8808,LOAD,36040109,2774.686391764242
8809,LOAD,37269844,2683.134386073631
8810,LOAD,37557550,2662.5804931365333
8811,LOAD,36427654,2745.1671743670345
8812,LOAD,37044940,2699.42399690754
8813,LOAD,36830536,2715.1383297815705
8814,LOAD,33679168,2969.194488414916
8815,LOAD,36181633,2763.8332410259095
8816,LOAD,36689355,2725.5862088608537
8817,LOAD,37689758,2653.2407026863903
8818,LOAD,37019200,2701.300946535852
8819,LOAD,37139072,2692.5820871345413
8820,LOAD,38712834,2583.1226925933656
8821,LOAD,37930995,2636.366380581369
8822,LOAD,37077590,2697.046922413242
8823,LOAD,38616201,2589.5866866862434
8824,LOAD,37913809,2637.561422541323
8825,LOAD,40342402,2478.781506366428
8826,LOAD,37722613,2650.9298282173613
8827,LOAD,38535141,2595.0339717194756
8828,LOAD,37985528,2632.5815452663974
8829,LOAD,37486241,2667.645443564213
8830,LOAD,36935552,2707.4185868401264
8831,LOAD,35967276,2780.3050750910356
8832,LOAD,38645277,2587.6383289994274
8833,LOAD,38465001,2599.765953470273
8834,LOAD,37586638,2660.5199432841
8835,LOAD,35531223,2814.426061270112
8836,LOAD,32712169,3056.966354019509
8837,LOAD,34710899,2880.9394997231275
8838,LOAD,36591326,2732.888116708315
8839,LOAD,36306425,2754.333427210198
8840,LOAD,31455949,3179.0488978730223
8841,LOAD,35501233,2816.8035741181156
8842,LOAD,36851400,2713.601111491015
8843,LOAD,36569415,2734.525559131859
8844,LOAD,33933061,2946.978464453885
8845,LOAD,33931832,2947.0852030624224
8846,LOAD,36452636,2743.2858353508373
8847,LOAD,37226186,2686.2811033072257
8848,LOAD,34001048,2941.085815943085
8849,LOAD,30997332,3226.0841029802177
8850,LOAD,32218932,3103.7652023971496
8851,LOAD,34394089,2907.476339902476
8852,LOAD,35522622,2815.1075109264175
8853,LOAD,37495011,2667.0214872053243
8854,LOAD,37411459,2672.97781676999
8855,LOAD,37169290,2690.3930637362187
8856,LOAD,37712667,2651.6289606354276
8857,LOAD,37564956,2662.055560506979
8858,LOAD,37011185,2701.885929888492
8859,LOAD,35281652,2834.334401348327
8860,LOAD,39847570,2509.5633184156522
8861,LOAD,37983533,2632.7198157159314
8862,LOAD,38128623,2622.701585630302
8863,LOAD,37722975,2650.9043891686697
8864,LOAD,36650543,2728.47253586393
8865,LOAD,37364010,2676.37226304136
8866,LOAD,38141402,2621.8228684934024
8867,LOAD,38054572,2627.805142572619
8868,LOAD,37459705,2669.5351711926187
8869,LOAD,35700170,2801.107109573988
8870,LOAD,37881281,2639.8262508598905
8871,LOAD,36125575,2768.1220298915655
8872,LOAD,38408245,2603.607636849848
8873,LOAD,38491412,2597.9821161146283
8874,LOAD,38257878,2613.840736279205
8875,LOAD,37288855,2681.766442010622
8876,LOAD,38269217,2613.066266811782
8877,LOAD,37102398,2695.243579673745
8878,LOAD,37229379,2686.0507127986207
8879,LOAD,37437822,2671.095556787465
8880,LOAD,30161443,3315.491238267347
8881,LOAD,37115555,2694.2881495373035
8882,LOAD,37578940,2661.064947547749
8883,LOAD,36869215,2712.289914499129
8884,LOAD,36444252,2743.9169282442676
8885,LOAD,37473387,2668.5604906756894
8886,LOAD,37827221,2643.598904608932
8887,LOAD,37998037,2631.7148962195074
8888,LOAD,36174364,2764.3886150976973
8889,LOAD,37541972,2663.685327984369
8890,LOAD,35637879,2806.0031294230503
8891,LOAD,38046663,2628.3514010151166
8892,LOAD,37458223,2669.640788886328
8893,LOAD,37818695,2644.194888268884
8894,LOAD,37217342,2686.91944739095
8895,LOAD,36946844,2706.591123182267
8896,LOAD,37976972,2633.1746512070526
8897,LOAD,38515168,2596.379691242681
8898,LOAD,37247815,2684.721238010874
8899,LOAD,37696301,2652.780175964745
8900,LOAD,37676785,2654.1542756368412
8901,LOAD,38679606,2585.341743139783
8902,LOAD,36659751,2727.7872127391156
8903,LOAD,38070800,2626.685018439329
8904,LOAD,36482500,2741.0402247652983
8905,LOAD,38709362,2583.3543833659674
8906,LOAD,36678239,2726.412246782077
8907,LOAD,39197637,2551.1741945056538
8908,LOAD,37307063,2680.457585203102
8909,LOAD,37272000,2682.979180081563
8910,LOAD,37119096,2694.0311261890647
8911,LOAD,38209226,2617.16895285971
8912,LOAD,36617666,2730.92228215747
8913,LOAD,38145739,2621.524778953686
8914,LOAD,36202245,2762.259633345943
8915,LOAD,39375102,2539.675960712432
8916,LOAD,36647646,2728.6882218847013
8917,LOAD,37655250,2655.6721838256285
8918,LOAD,37452231,2670.067905968005
8919,LOAD,38020829,2630.1372860649617
8920,LOAD,36278197,2756.476569108437
8921,LOAD,36403420,2746.9946505026173
8922,LOAD,38545964,2594.3053337568626
8923,LOAD,36438207,2744.372136642179
8924,LOAD,36405354,2746.8487190098467
8925,LOAD,37121858,2693.8306805656116
8926,LOAD,38592479,2591.1784521538507
8927,LOAD,38163294,2620.318885471469
8928,LOAD,38046804,2628.341660445382
8929,LOAD,36483061,2740.9980757919407
8930,LOAD,37613917,2658.5904360877917
8931,LOAD,37205905,2687.7453995541837
8932,LOAD,37730992,2650.341130707616
8933,LOAD,37650358,2656.0172415890443
8934,LOAD,38501535,2597.2990427524514
8935,LOAD,36678839,2726.367647569216
8936,LOAD,37664802,2654.998690820146
8937,LOAD,39570056,2527.16346926575
8938,LOAD,37173888,2690.0602917833075
8939,LOAD,37054291,2698.742771788563
8940,LOAD,38155875,2620.8283783296806
8941,LOAD,38869468,2572.7133697842223
8942,LOAD,38315123,2609.935507710624
8943,LOAD,37588871,2660.3618927527777
8944,LOAD,33306161,3002.447505132759
8945,LOAD,38734956,2581.6474401055216
8946,LOAD,36671041,2726.9474024476153
8947,LOAD,36134506,2767.4378611956117
8948,LOAD,35936465,2782.6888370906822
8949,LOAD,36378928,2748.84405609753
8950,LOAD,37679440,2653.967256413577
8951,LOAD,34463424,2901.626953839526
8952,LOAD,37467548,2668.97636322505
8953,LOAD,35488204,2817.837724332288
8954,LOAD,36967686,2705.0651750288075
8955,LOAD,40313287,2480.5717281252705
8956,LOAD,40181601,2488.701234179295
8957,LOAD,37856862,2641.529031117265
8958,LOAD,37338580,2678.1950465175696
8959,LOAD,37475341,2668.4213493881216
8960,LOAD,38609128,2590.0610860727024
8961,LOAD,36192445,2763.007583488764
8962,LOAD,36314217,2753.742425452819
8963,LOAD,31466292,3178.0039414876082
8964,LOAD,35025158,2855.090618006634
8965,LOAD,36548662,2736.0782728516847
8966,LOAD,37716500,2651.359484575716
8967,LOAD,36946085,2706.6467258980215
8968,LOAD,30819625,3244.6858130168685
8969,LOAD,34965254,2859.9820839282334
8970,LOAD,37329022,2678.880791465686
8971,LOAD,37118522,2694.0727866265793
8972,LOAD,34086921,2933.6765265481154
8973,LOAD,40539953,2466.702415762544
8974,LOAD,37528676,2664.6290426019823
8975,LOAD,37362577,2676.4749123166744
8976,LOAD,37329565,2678.841824168055
8977,LOAD,38156020,2620.8184186925155
8978,LOAD,36353428,2750.772224286524
8979,LOAD,38069867,2626.749392111089
8980,LOAD,38361980,2606.7476183450385
8981,LOAD,37521573,2665.1334686848018
8982,LOAD,37707456,2651.9954037737257
8983,LOAD,36987012,2703.6517575412686
8984,LOAD,38576260,2592.2678870372606
8985,LOAD,37421037,2672.293661984835
8986,LOAD,37621712,2658.0395916060384
8987,LOAD,36718037,2723.4571390622
8988,LOAD,38363053,2606.6747086056994
8989,LOAD,37917526,2637.3028662260294
8990,LOAD,38722664,2582.466950104466
8991,LOAD,37746166,2649.2756906754453
8992,LOAD,37998920,2631.653741737923
8993,LOAD,37053073,2698.83148423344
8994,LOAD,37641914,2656.6130510791772
8995,LOAD,36366009,2749.8205810816357
8996,LOAD,36383593,2748.4916071922858
8997,LOAD,37097231,2695.6189802953218
8998,LOAD,38481109,2598.6777044289447
8999,LOAD,37488827,2667.4614279075736
9000,LOAD,37651377,2655.9453589174173
9001,PUT,0.034170168,29265.293632738358
9002,PUT,0.031755389,31490.718000651792
9003,PUT,0.032851631,30439.888966243412
9004,PUT,0.033350932,29984.169557840243
9005,PUT,0.029718595,33648.96624487127
9006,PUT,0.026492512000000003,37746.51493976864
9007,PUT,0.030653317000000003,32622.896895627964
9008,PUT,0.030398567,32896.287512500174
9009,PUT,0.026913697,37155.802118155676
9010,PUT,0.029534527,33858.676660032506
9011,PUT,0.031583323,31662.279488450276
9012,PUT,0.030404684,32889.66923649001
9013,PUT,0.033516912,29835.684146558608
9014,PUT,0.027141163000000003,36844.40493577965
9015,PUT,0.029773984000000003,33586.36855585063
9016,PUT,0.032571947000000004,30701.265724152134
9017,PUT,0.025361185,39430.33418982591
9018,PUT,0.031356194000000004,31891.625622676012
9019,PUT,0.031285796000000005,31963.386835354926
9020,PUT,0.031023230000000002,32233.909879790077
9020,GET,0.012865256,77728.7292223334
9020,GET,0.006999803000000001,142861.16337845506
9020,GET,0.0057513880000000005,173871.07251327852
9020,GET,0.0055212640000000006,181117.9469049116
9020,GET,0.005384209,185728.3028946313
9020,GET,0.005272328000000001,189669.53497582092
9020,GET,0.005271242000000001,189708.61136711232
9020,GET,0.005098109,196151.16114622107
9020,GET,0.004963872,201455.6378568988
9020,GET,0.004990542000000001,200379.03698636338
9020,GET,0.004881243,204865.85076792937
9020,GET,0.004859858,205767.3290042631
9020,GET,0.004999619,200015.2411613765
9020,GET,0.0050017640000000006,199929.4648847886
9020,GET,0.004740767,210936.3316104757
9020,GET,0.00470335,212614.41313106613
9020,GET,0.004649955,215055.84462645338
9020,GET,0.0046020160000000004,217296.07198236597
9020,GET,0.004541113,220210.3316962163
9020,GET,0.004579568,218361.20786938854
